0.0,0.012664365230208308,0.012554592355091154,0.0166012300569639,0.012400825696258222,0.014975041597337757,0.0117647058823529,0.017817348303160174,0.013895892323804393,0.01251405020606966,0.011590117500372643,0.014339861373940721,0.011437852033587936,0.012949491822731196,0.014060742407199123,0.014256600697432176,0.012130617240776354,0.0163179105923017,0.014744786803610355,0.011803494889548238,0.009860408670290255,0.013880764904387055,0.01352657004830915,0.012392478070486157,0.011289198606271866,0.014127461563453014,0.016088948862837738,0.015218864874729454,0.01279317697228144,0.012894736842105292,0.014780879813590553,0.014200831847890671,0.014212779845672041,0.014182550254905224,0.01047260396798222,0.016269841269841212,0.01932324733216262,0.011988873012495072,0.0146506489919912,0.01337130446538759,0.014200831847890671,0.011691563401799332,0.01528302995865738,0.01396250808015509,0.014200831847890671,0.012250712250712281,0.016428204982044115,0.013496307613954595,0.013263581740799446,0.01911452848425399,0.011124349101332753,0.01499636010677019,0.014475743348982717,0.014744786803610355,0.01582014987510405,0.014780879813590553,0.014780879813590553,0.014744786803610355,0.013009791072392196,0.014060742407199123,0.015748031496062964,0.0187353629976581,0.01942139078875038,0.015396288451203,0.019685039370078816,0.016197574477444743,0.014780879813590553,0.014744786803610355,0.019685039370078816,0.016641866555562213,0.016641866555562213,0.018140589569161092,0.016870078740157557,0.016291472685485253,0.017949479940564617,0.017258328025918646,0.014744786803610355,0.016208911688814998,0.019685039370078816,0.01871227364185113,0.0240451625054936,0.0240451625054936,0.022399749373433586,0.020950244548229358,0.023809523809523836,0.018140589569161092,0.023387267958997815,0.0240451625054936,0.019685039370078816,0.021254116825405567,0.019685039370078816,0.019685039370078816,0.0196629213483146,0.01990600167969503,0.023809523809523836,0.0240451625054936,0.02249896295385856,0.02181894381002847,0.020950507689793785,0.023809523809523836
0.012664365230208308,0.0,0.012263550211634167,0.014444917385752487,0.00897712754530966,0.014975041597337757,0.009522059949174877,0.017039997521454908,0.0120248371952143,0.010283479960899289,0.008876591964853797,0.013835401511909873,0.010038246543100815,0.01596616737461809,0.009650934137255374,0.01751949002885811,0.016628773525325213,0.016337285902503274,0.014466862827518523,0.009961753456899092,0.010471204188481686,0.010471204188481686,0.011827294718331882,0.010245310245310169,0.010471204188481686,0.012698412698412653,0.014352159468438486,0.010583524027459879,0.014622237228267942,0.010912698412698374,0.013412532723597437,0.015274261603375527,0.015735492577597765,0.010471204188481686,0.009282800995815466,0.01737373983938284,0.024455825864276526,0.01606064961195741,0.015016796622183803,0.01103891075237784,0.012400793650793607,0.010471204188481686,0.013087571248797114,0.012933449241765649,0.011588306905213175,0.011111111111111072,0.012738396575254551,0.01354099940322695,0.012791209535419235,0.011749673620177203,0.010063121236305594,0.014275733515869637,0.015314966723417367,0.012422360248447228,0.014245014245014231,0.012698412698412653,0.012422360248447228,0.013842463105714353,0.01132302833873522,0.011523907808737577,0.01407260347150796,0.017284011215893735,0.01837470654919715,0.013851444363062182,0.020363047179656202,0.016983576706236736,0.013600820578401285,0.014184397163120588,0.020467836257309968,0.013851444363062182,0.01547948895559148,0.01649674313225713,0.012013249636311674,0.014925373134328401,0.013122474992978583,0.01468268922106386,0.011065847150752872,0.015873015873015928,0.020467836257309968,0.015873015873015928,0.020341466522265428,0.01837470654919715,0.020124449840643543,0.015873015873015928,0.020467836257309968,0.017431399010346404,0.020467836257309968,0.021563969583771492,0.020467836257309968,0.02063440156965346,0.01928815004262574,0.020467836257309968,0.018369894774389106,0.01928815004262574,0.01928815004262574,0.02063440156965346,0.019267223505716524,0.018535966820179106,0.019002375296912066,0.020467836257309968
0.012554592355091154,0.012263550211634167,0.0,0.0142837522318362,0.014406424162521692,0.01267139011676588,0.016267879215963177,0.01267139011676588,0.013762703827044698,0.013384321223709361,0.014189362325206845,0.01089918256130784,0.01267139011676588,0.01267139011676588,0.01507315295301892,0.011730968724041002,0.014853579122359961,0.012609039283414392,0.01699629171817063,0.013778701726785747,0.01699629171817063,0.014424221581439634,0.013501430615164511,0.014258772559291089,0.013456298469922467,0.0108031272210376,0.011243184665921668,0.014285672662006754,0.01136421435059043,0.013274117632524951,0.014946664874573856,0.017185153400557818,0.017415768887668936,0.013602185522917365,0.015681902251212576,0.012958302156315882,0.019623059866962334,0.01390055520272071,0.013384321223709361,0.01267139011676588,0.01267139011676588,0.013004302152855418,0.01699629171817063,0.010606543445931593,0.014535656148986331,0.01521277489998929,0.01570090576540084,0.015023332846123227,0.009196696696696649,0.01798822779589848,0.015435326931000692,0.013452380952380882,0.011507118064288946,0.013384321223709361,0.012392499276753455,0.011575650923402958,0.012135223926157734,0.01267139011676588,0.011666108165290123,0.014666893994288333,0.01374841734935428,0.01699629171817063,0.01699629171817063,0.015096475916403285,0.01644958454974177,0.016348773841961872,0.016348773841961872,0.014507315835681545,0.017140577397359635,0.016348773841961872,0.017478143078543007,0.016348773841961872,0.013747228381374654,0.01699629171817063,0.017367693589047883,0.015487602313434268,0.014957905823434592,0.014535656148986331,0.017307692307692357,0.015877413579983846,0.022132673091027788,0.021098437396980252,0.01888997748328436,0.017478143078543007,0.018442622950819776,0.017478143078543007,0.018442622950819776,0.022132673091027788,0.017478143078543007,0.020048951201646736,0.017478143078543007,0.018081322082023954,0.017478143078543007,0.019606189144895314,0.02202346844714609,0.022132673091027788,0.019994425370296054,0.021519131275228753,0.02065069515499407,0.017478143078543007
0.0166012300569639,0.014444917385752487,0.0142837522318362,0.0,0.014258503401360478,0.011436100131752225,0.012552301255230103,0.021387436538607196,0.013854496592763277,0.0157820240622788,0.013854496592763277,0.013854496592763277,0.012928376098213845,0.012801233853865446,0.012886597938144395,0.01636381764251349,0.01789297658862876,0.018357487922705307,0.014402086601523423,0.015417331206804885,0.01778204238291614,0.016524727950794627,0.01336860087066738,0.014914243102162494,0.010657032507728315,0.01172913114080254,0.01117027136195059,0.013864920918892465,0.012552301255230103,0.012547343241267828,0.014974937343358419,0.010373183121259344,0.014471143531431085,0.013854496592763277,0.014001061691881866,0.01731533793680684,0.020390382843260446,0.01520467836257311,0.01563618147989121,0.014889889889889929,0.013854496592763277,0.01179029304029311,0.013854496592763277,0.013976573357157074,0.013854496592763277,0.013850740269310657,0.011339749972342106,0.008667204167700393,0.013605442176870763,0.018393964206339986,0.013854496592763277,0.013854496592763277,0.01820610432111136,0.011177536231884111,0.011088056839259397,0.014628870673952576,0.010348096979547639,0.013016967126193046,0.013854496592763277,0.013854496592763277,0.00917431192660545,0.013854496592763277,0.014584992421712517,0.014675724173288995,0.019202898550724656,0.013497137236994639,0.013854496592763277,0.013854496592763277,0.013976320506941309,0.012182556297901104,0.01235892174237474,0.013854496592763277,0.013326476638260365,0.017768376202111136,0.017228915662650612,0.013854496592763277,0.013854496592763277,0.009836248968690064,0.014935445556772509,0.01645243732852253,0.0244676052102325,0.024038337504192375,0.018809806080108404,0.02107443743750681,0.016881100928385906,0.016441610402600615,0.017934848810779558,0.024738488839077255,0.019645322289476463,0.02336133377048688,0.01535861791806481,0.017660570338909665,0.017287598757840916,0.019185437401781025,0.0216027167040318,0.024738488839077255,0.021778398675944555,0.0213145796231059,0.02022994341187978,0.018809806080108404
0.012400825696258222,0.00897712754530966,0.014406424162521692,0.014258503401360478,0.0,0.014311043566362702,0.015873015873015817,0.019792822789493125,0.009549827959729917,0.01251405020606966,0.010192674426251158,0.011125576991359964,0.008041043855754548,0.018942018942018857,0.010972510972511063,0.016549846826357406,0.016089277953684755,0.0164620206924182,0.009503589121423461,0.010539215686274583,0.011883778188126026,0.009765178483947867,0.01209059526816536,0.014258772559291089,0.009941176470588231,0.0157913165266107,0.012540490068201349,0.009297912713472467,0.019362790987954903,0.013231086881453358,0.014376439388652407,0.018856693620844633,0.015269438321805828,0.010131108462455352,0.008804876547010676,0.023019190706786374,0.03143939393939399,0.017239043554832967,0.019587227414330277,0.01572302205627163,0.011361914861384603,0.012466343983938422,0.013228288412808098,0.014457726957726957,0.01627846790890275,0.013996004249563931,0.01138773798954329,0.012578616352201255,0.011964107676969093,0.009252612267687699,0.011200821777092917,0.01388888888888884,0.016402405686167354,0.013392215902754523,0.01582014987510405,0.014721736422222742,0.014440642820114036,0.014759695729844924,0.013307155322862196,0.010631205673758859,0.015175496145645395,0.01750547045951867,0.016912402428447493,0.015570646221248707,0.01841574904343246,0.016000000000000014,0.01771415270018628,0.015079526226734363,0.019106741891050327,0.017908676171448534,0.016000000000000014,0.016000000000000014,0.014611951043916438,0.01544927536231877,0.014238404854789777,0.013094293189539696,0.011591836734693883,0.016000000000000014,0.01935540714373818,0.01744186046511631,0.020039478201167138,0.016000000000000014,0.01750547045951867,0.01635946446159331,0.020555523540598197,0.016000000000000014,0.020555523540598197,0.020555523540598197,0.020555523540598197,0.020458265139116194,0.019002375296912066,0.01750547045951867,0.01744186046511631,0.019409114997350208,0.01822916666666663,0.01744186046511631,0.016000000000000014,0.017436521664851434,0.01744186046511631,0.018091028159790357
0.014975041597337757,0.014975041597337757,0.01267139011676588,0.011436100131752225,0.014311043566362702,0.0,0.017523364485981352,0.01708882134414047,0.01265044814340599,0.017523364485981352,0.015319548872180455,0.012860876692475154,0.012615643397813292,0.012884569629751597,0.01636022389423164,0.014975041597337757,0.014975041597337757,0.014985293419991552,0.015218855218855243,0.014975041597337757,0.0166643327265088,0.015218855218855243,0.014975041597337757,0.015250637213254037,0.012987012987012991,0.014975041597337757,0.015218855218855243,0.013048417303736515,0.015248134652090961,0.015197568389057725,0.013802095093193079,0.014533520862634819,0.014994751836857056,0.014311043566362702,0.013768969346209414,0.015970350404312605,0.022366185216652457,0.014471744471744374,0.014975041597337757,0.014975041597337757,0.010600760837478185,0.013181818181818072,0.015218855218855243,0.012615643397813292,0.014960773581463194,0.014081597521087952,0.015218855218855243,0.012615643397813292,0.012615643397813292,0.01384918453362649,0.015126327051271482,0.012615643397813292,0.014975041597337757,0.017523364485981352,0.013033822917666527,0.012615643397813292,0.015218855218855243,0.013564519933946695,0.01325682853891852,0.01464784456587731,0.012615643397813292,0.015218855218855243,0.013918629550321193,0.013005371783997743,0.011161982692838524,0.015218855218855243,0.013095238095238049,0.015218855218855243,0.015218855218855243,0.014975041597337757,0.015218855218855243,0.013360152602631903,0.015218855218855243,0.015218855218855243,0.015070104025327824,0.015041085988916847,0.015218855218855243,0.011379999720393164,0.015218855218855243,0.014856324777584584,0.01869158878504673,0.018455875427746293,0.01834381551362685,0.015732314227686395,0.018455875427746293,0.015319548872180455,0.017324580471263396,0.01869158878504673,0.015218855218855243,0.016590347888600587,0.0171162778492141,0.018226203392521678,0.015319548872180455,0.017020201079006037,0.01869158878504673,0.01869158878504673,0.01643627546612414,0.01869158878504673,0.01770320658461877,0.01756435481226426
0.0117647058823529,0.009522059949174877,0.016267879215963177,0.012552301255230103,0.015873015873015817,0.017523364485981352,0.0,0.02504492362982924,0.012910565888405223,0.017766151046405776,0.011811023622047223,0.009937519698907993,0.013317431922083123,0.015934065934065877,0.010696111852181223,0.01676496286588025,0.019963369963370003,0.020341614906832284,0.01450328079223262,0.010775255304445785,0.012364578426754536,0.011111111111111183,0.011123082773482063,0.01689837008628947,0.011363636363636354,0.0117647058823529,0.017622080679405516,0.016465065085301656,0.01121575572191369,0.012561589690833319,0.010741614720445214,0.015880322209436137,0.016341553183658375,0.015939214734395524,0.012294043092522133,0.01666666666666672,0.02130249266060069,0.015306122448979553,0.018897637795275646,0.012362637362637319,0.013215859030836996,0.011992619926199266,0.015894955079474804,0.016046966731898316,0.018633540372670843,0.01194634269805106,0.012803943374109616,0.013035381750465591,0.01902173913043481,0.021219021219021195,0.016408007197480923,0.018429487179487225,0.019173491113393948,0.012603915258782461,0.01582014987510405,0.016612997658079554,0.013157894736842146,0.016891891891891886,0.013097072419106293,0.014544030526982055,0.015748031496062964,0.019158911628001207,0.017185136588121708,0.017275868339698186,0.020547945205479423,0.016651248843663313,0.013377926421404673,0.01749999999999996,0.02186588921282806,0.013672340540553773,0.01474627117927918,0.015337423312883458,0.015926620804669556,0.020368520368520326,0.019829059829059803,0.01785196573687675,0.011992619926199266,0.01353861192570871,0.02281282489453995,0.0214894839943226,0.02851381974555256,0.026638481670601566,0.02547770700636942,0.023674581603916,0.024183006535947738,0.021252443715709113,0.02547770700636942,0.02991452991452992,0.023880597014925398,0.029900332225913595,0.023110555902560947,0.02186588921282806,0.023177636234961052,0.024270003792188133,0.02547770700636942,0.02991452991452992,0.024378542842353745,0.028005314419023097,0.02367314748598126,0.02547770700636942
0.017817348303160174,0.017039997521454908,0.01267139011676588,0.021387436538607196,0.019792822789493125,0.01708882134414047,0.02504492362982924,0.0,0.014902654867256726,0.016196447230930056,0.02082740747763978,0.018193391476182263,0.016905109489051107,0.01120786969843568,0.022760496345402004,0.013392491467576817,0.017458483754512644,0.012451561062222116,0.02515723270440251,0.02224380318164998,0.021183919768825388,0.02150821125350577,0.01641539526345881,0.014258772559291089,0.016546028297734883,0.014826483533340373,0.01787882508629035,0.019073470865001885,0.015910081574195156,0.017039881831610093,0.0196752932601989,0.016031881789893232,0.014582200653765809,0.016572556580819908,0.02296105597145537,0.015080440599047895,0.014715291106845774,0.013315200688425843,0.011198406344832712,0.015515055758666962,0.015071201699585646,0.01782080894458582,0.02515723270440251,0.012794003618506022,0.016063781321184578,0.01954531936688364,0.023543888433141924,0.02380037725998929,0.014568405732198864,0.02174939941155829,0.022980164489598498,0.016666666666666607,0.011813390467925067,0.016272212550385023,0.02116954369061952,0.015084721639599619,0.02084742789846905,0.016394129979035665,0.015493733645503327,0.019612903225806555,0.01861635220125779,0.023135948797456507,0.02515723270440251,0.02096472382008463,0.016676562723940913,0.02404478685898881,0.017109592508225746,0.02328436024954761,0.02515723270440251,0.021926423709830334,0.020059479553903414,0.016196447230930056,0.019615476285056,0.02515723270440251,0.02323594149272923,0.020873824451410616,0.022068733153638775,0.019432678731870046,0.02515723270440251,0.0219496855345912,0.026291156925683068,0.024506050432267168,0.02515723270440251,0.02515723270440251,0.024511874589317584,0.02515723270440251,0.023668639053254448,0.026291156925683068,0.023194665454269847,0.02481909309968744,0.02515723270440251,0.0239495699857053,0.02515723270440251,0.02547443704857666,0.026291156925683068,0.026291156925683068,0.02244314513592527,0.026291156925683068,0.025581252474504157,0.023668639053254448
0.013895892323804393,0.0120248371952143,0.013762703827044698,0.013854496592763277,0.009549827959729917,0.01265044814340599,0.012910565888405223,0.014902654867256726,0.0,0.009111812148747456,0.015242794969329454,0.011592126280184134,0.008944011365358717,0.013891898398940561,0.014769699276741433,0.010759225970180863,0.012183055040197899,0.0165929203539823,0.01432022842082148,0.012970128463086206,0.01774803948343806,0.010136629633842653,0.011649743421770942,0.014258772559291089,0.008661857346067947,0.012624996701933955,0.010434902001167035,0.011815280744784662,0.012762628309658686,0.012492345376607483,0.016033563966560305,0.017185153400557818,0.017415768887668936,0.010299617771567071,0.01082669823003135,0.01709329611509025,0.024175382139983936,0.012188923011754671,0.012849730882994681,0.012831027058162081,0.008888888888888835,0.009027944591240344,0.01650775437740204,0.011664992806927121,0.013237618682635732,0.015175638813115788,0.01678780485738729,0.012004538706980372,0.01106078456345927,0.01360928253878646,0.012582549237332707,0.011695906432748537,0.015034522999124778,0.01291512915129156,0.014245014245014231,0.011084207694377124,0.012121212121212088,0.010816272444179376,0.01041666666666663,0.011352794184461668,0.014721329493440183,0.017059031593499308,0.015706253980285134,0.012657348264158097,0.01450564913297192,0.013449839383688156,0.012097984733799638,0.01196808510638303,0.017099278410451113,0.015797062952984553,0.014051191526919693,0.014960282436010552,0.01065610115429172,0.014180739229708306,0.014733928865018897,0.015677039529016,0.011593486741137471,0.014430567977328335,0.01626567119090261,0.015192428456086926,0.020904081065317826,0.020329751973386934,0.016715694069009412,0.01774803948343806,0.01774803948343806,0.01774803948343806,0.01804123711340211,0.023498694516971286,0.018658664900042865,0.023498694516971286,0.01792472666105971,0.0174255046021905,0.01774803948343806,0.0190480716773056,0.01774803948343806,0.02255830419967253,0.017159934445194258,0.020395575738788363,0.01792472666105971,0.01792472666105971
0.01251405020606966,0.010283479960899289,0.013384321223709361,0.0157820240622788,0.01251405020606966,0.017523364485981352,0.017766151046405776,0.016196447230930056,0.009111812148747456,0.0,0.013548634894216316,0.010914618892758798,0.009519397799652607,0.014610301579554896,0.016511056511056443,0.011784035661858816,0.013698630136986245,0.015517498283211695,0.019087942462536867,0.015276973557228346,0.01930515344528083,0.014229438670082306,0.010832059401616023,0.011399575171111676,0.012448132780082943,0.013100436681222738,0.01467268623024831,0.01300690250215697,0.01466748404967877,0.012264922322158589,0.014972897630478599,0.015401152769798143,0.01586238374402038,0.011068347710683435,0.015682283388031903,0.017542677448337818,0.025572001727617755,0.013930280246069682,0.013460375075620146,0.012564511981437265,0.013536776212832557,0.013698630136986356,0.01930515344528083,0.011757911757911854,0.01179733583343101,0.0169169960474308,0.01727272727272733,0.016521604676565826,0.01465163934426228,0.014470626828134825,0.017395670904141403,0.01812386156648449,0.013959100928354173,0.015228426395939132,0.01582014987510405,0.015604681404421283,0.014709227952008574,0.013397129186602852,0.013097072419106293,0.013297872340425565,0.015748031496062964,0.01930515344528083,0.01930515344528083,0.015149593589669719,0.020547945205479423,0.016766014275565344,0.014982364620716004,0.017516808011473373,0.021367521367521403,0.017501037775010442,0.015789473684210575,0.016915859773993014,0.014880536175810977,0.01903632438770886,0.014506989986684315,0.015461673136941467,0.01580679895400705,0.016242819697730226,0.02148760330578514,0.017632241813602012,0.022950819672131195,0.019609708247254165,0.021367521367521403,0.01930515344528083,0.022950819672131195,0.019230769230769162,0.022950819672131195,0.02428256070640178,0.022950819672131195,0.022950819672131195,0.02223908790393303,0.021367521367521403,0.0196629213483146,0.022950819672131195,0.02246413934426228,0.02113010446343777,0.019601677148846974,0.01930515344528083,0.019601677148846974,0.022326000837386006
0.011590117500372643,0.008876591964853797,0.014189362325206845,0.013854496592763277,0.010192674426251158,0.015319548872180455,0.011811023622047223,0.02082740747763978,0.015242794969329454,0.013548634894216316,0.0,0.012463435934562894,0.013501437735014443,0.018122275831527035,0.008474576271186418,0.019675598485767054,0.01731987910695143,0.019029472535183833,0.008854940464655625,0.010369631418670533,0.01132075471698113,0.01171826816331567,0.009505703422053258,0.014258772559291089,0.013893176906452642,0.015433786113797865,0.01467268623024831,0.013570837065454366,0.01432115650694199,0.0110211054168734,0.010676156583629859,0.017185153400557818,0.017415768887668936,0.012519960634510996,0.010396675540147338,0.019529848296291785,0.02661193432118547,0.018216758068866357,0.017304322429906538,0.011249999999999982,0.011178769081067963,0.013819643571744478,0.01115241635687736,0.013403475875479742,0.013378615915453307,0.01206622007467606,0.01138773798954329,0.012355862892044156,0.011979734879619786,0.012816691505216138,0.009815602836879433,0.011733787131260609,0.01763300683943403,0.012195121951219523,0.014245014245014231,0.012395481505890094,0.012195121951219523,0.013397629093831576,0.01494521859376663,0.011642156862745057,0.013997150280781079,0.016876737469973868,0.01406584790499299,0.012173913043478257,0.01840153146685808,0.013183644871103017,0.012886693081977763,0.014184397163120588,0.01685907419598276,0.013676588897827857,0.013698630136986356,0.014709227386458412,0.0137820414585057,0.014094815209093503,0.013423555714304536,0.01634725173866247,0.010652463382157085,0.013094374805759923,0.021037738750653623,0.015083841903625106,0.017899482499123653,0.01922922762435375,0.01740433530950536,0.01849166062364027,0.01897065210647142,0.017179023508137492,0.017047347573390548,0.024590163934426257,0.020608899297423933,0.020765027322404372,0.017271839006721246,0.01662886024830834,0.0196629213483146,0.02087844107639969,0.017836797478989475,0.01951931091969994,0.01755977450916868,0.017356582458815772,0.019424884664747344,0.019424884664747344
0.014339861373940721,0.013835401511909873,0.01089918256130784,0.013854496592763277,0.011125576991359964,0.012860876692475154,0.009937519698907993,0.018193391476182263,0.011592126280184134,0.010914618892758798,0.012463435934562894,0.0,0.010167464114832603,0.011438153127526385,0.010713765830462352,0.01220696094051199,0.013977638277272941,0.015194352680186096,0.01239064964864478,0.013318678970225761,0.015989413672174768,0.013168185373128805,0.010407736453834082,0.010317460317460392,0.010178898467860797,0.011485374093927248,0.00899106628467461,0.008559703934946206,0.015090409328331944,0.01225823844078422,0.015751230938381378,0.017185153400557818,0.017415768887668936,0.010782913330450339,0.012101092310987438,0.013913136717428998,0.022776814466187734,0.01216216216216226,0.014566395663956566,0.011380136170426214,0.011821012570637723,0.010329131652661139,0.010724869035495743,0.010334149503096746,0.010909837663962474,0.01173134206553228,0.012374912677027505,0.00921858785733587,0.010482673135078002,0.0114465854522795,0.009726924464712017,0.010513912414387594,0.01429076600975554,0.01067173212384609,0.012130849340151628,0.009761465504432576,0.010204081632653073,0.010501298162828188,0.011426088343836516,0.012538773642670198,0.012739458145848648,0.012771645248438213,0.013095608535317771,0.012440096693478897,0.016120449207281284,0.01245996236150404,0.012089331856773744,0.010367603269990866,0.016120449207281284,0.01498637602179842,0.013595757274241449,0.010760465582088985,0.01067173212384609,0.010727258924237426,0.014213938989822483,0.012285704227831151,0.010501298162828188,0.01067173212384609,0.01585567210567207,0.013411907021136149,0.02008456659619451,0.016700961971693573,0.017063999851637535,0.015100263118113966,0.018201399285081465,0.01498637602179842,0.017224594988492492,0.02044126556057141,0.016120449207281284,0.02044126556057141,0.016746489339198534,0.016120449207281284,0.016435582144041283,0.015260994783179105,0.01706754465759952,0.02023052318099927,0.014441023143445753,0.018067794720115105,0.016746489339198534,0.018707659590375347
0.011437852033587936,0.010038246543100815,0.01267139011676588,0.012928376098213845,0.008041043855754548,0.012615643397813292,0.013317431922083123,0.016905109489051107,0.008944011365358717,0.009519397799652607,0.013501437735014443,0.010167464114832603,0.0,0.01563325563325557,0.014281274281274348,0.014609110801670933,0.013524738172625561,0.016653443222850117,0.011304002633566346,0.011228771228771195,0.014545454545454528,0.01091703056768556,0.010505915952672362,0.014258772559291089,0.008196721311475419,0.01180257510729621,0.011267486222975798,0.008918989094685914,0.01677979725807177,0.010750988142292472,0.01354301689663473,0.01577698347591705,0.015336107016921896,0.010131108462455352,0.008282536389597972,0.01971042739802309,0.028359683794466406,0.013930280246069682,0.01449078707080298,0.01405711193981296,0.010398941198714318,0.009853817926763542,0.011843941735749985,0.01081663884251527,0.013198757763975166,0.013033030586893646,0.012123992215735235,0.011183332162181148,0.010009529473299583,0.01014799154334034,0.008583690987124415,0.0107012056566953,0.01383786590510816,0.011555452183875214,0.014245014245014231,0.010337752525252486,0.011468211742419854,0.013540591414172076,0.011312217194570207,0.010101010101010055,0.011312217194570207,0.01452219257821974,0.015392371657620862,0.01180257510729621,0.015335485030014362,0.01279381775249544,0.014634442555258698,0.01173908257457823,0.015519977917328065,0.01694570250877825,0.012891344383057057,0.014709507765633956,0.011312217194570207,0.011235955056179803,0.012992571630703886,0.011312217194570207,0.010035991140642353,0.014285714285714346,0.015392371657620862,0.015294503026143436,0.01757399577167018,0.014285714285714346,0.01757399577167018,0.014545454545454528,0.01629726205997395,0.014322648882098887,0.017062314540059353,0.01783858611142719,0.01629726205997395,0.01757399577167018,0.017062314540059353,0.017062314540059353,0.014545454545454528,0.01629726205997395,0.01629726205997395,0.01685061095782414,0.01522929673561213,0.01629726205997395,0.016238042950998732,0.01757399577167018
0.012949491822731196,0.01596616737461809,0.01267139011676588,0.012801233853865446,0.018942018942018857,0.012884569629751597,0.015934065934065877,0.01120786969843568,0.013891898398940561,0.014610301579554896,0.018122275831527035,0.011438153127526385,0.01563325563325557,0.0,0.017704517704517753,0.009821289821289825,0.018882869182270445,0.012609039283414392,0.02186702186702183,0.013919413919413981,0.01831501831501836,0.015674260492913428,0.013160580420099377,0.014402404130500868,0.0168498168498169,0.012980170514417022,0.010824764631871209,0.015325320166469925,0.011470243772865096,0.017094017094017144,0.0154856354407924,0.01612602245513639,0.016587253429358628,0.010590554483684289,0.013675213675213627,0.014345437171524145,0.014388903277792187,0.010690606113947121,0.013333333333333308,0.013181370088359623,0.011872499677377801,0.01639782053274985,0.018808828700637048,0.011791861106929535,0.01399784725525044,0.013493752624187394,0.020106723778798963,0.013967093841800282,0.011562360336202393,0.01680252807301985,0.016475376475376557,0.01152739257378943,0.010683760683760646,0.016151489835700472,0.01449275362318847,0.014963624338624415,0.013869773985381029,0.01121884651296412,0.01175680380879951,0.020898881700663452,0.01626519176188046,0.018054448971001613,0.019816801100805526,0.022276061646140377,0.016175890914930657,0.021680516175489828,0.013481244493902755,0.014797702297702275,0.023968784838349966,0.017094017094017144,0.01743518688319723,0.018271836564519472,0.014743589743589691,0.01831501831501836,0.022299159367097476,0.02212166918049263,0.012308151139048928,0.015118803973443895,0.023104056437389775,0.021080256764903993,0.025844525844525845,0.0248858525089789,0.025844525844525845,0.02346037117610722,0.025844525844525845,0.01831501831501836,0.01903651903651904,0.025573403081173618,0.02251598150651779,0.025844525844525845,0.023811176215923324,0.024072363695005206,0.020428468380113807,0.021857293767406083,0.025844525844525845,0.021406489491595848,0.022071220184427642,0.025844525844525845,0.025844525844525845,0.025844525844525845
0.014060742407199123,0.009650934137255374,0.01507315295301892,0.012886597938144395,0.010972510972511063,0.01636022389423164,0.010696111852181223,0.022760496345402004,0.014769699276741433,0.016511056511056443,0.008474576271186418,0.010713765830462352,0.014281274281274348,0.017704517704517753,0.0,0.014480535581453013,0.02051282051282055,0.01969026548672559,0.012539745627980992,0.009953255963894292,0.010529812657922077,0.010785769123485167,0.010752688172043001,0.016121972570761534,0.010947228743492965,0.015391773147615195,0.01467268623024831,0.011821166961353824,0.01191873284114997,0.013377926421404673,0.010518210518210558,0.011558660955369837,0.011459430979978924,0.010770290530410453,0.010943805164620568,0.018724194880264222,0.02141687141687143,0.015378497695254123,0.019187684035334773,0.013119001251912676,0.012465846994535568,0.012069973467643935,0.01449275362318836,0.01670695675530487,0.015878924529907246,0.011314186248912117,0.0121293800539084,0.013033175355450233,0.014853494434817982,0.01515633280339157,0.008547008547008628,0.015938069216757778,0.019855108564786006,0.011574842349817427,0.01582014987510405,0.015282465445194404,0.010869565217391353,0.011111111111111072,0.013195548489666087,0.011642156862745057,0.015086206896551713,0.016725352112676006,0.016912402428447493,0.013302664366494188,0.02016045548654244,0.012130378418420906,0.01106659326319226,0.014184397163120588,0.02123893805309729,0.014324382438876349,0.014730339748158738,0.014577259475218707,0.014366359447004595,0.012714601393846614,0.015573882039138787,0.016029499701016525,0.01008064516129037,0.012950796757059013,0.02148760330578514,0.014844455918420096,0.021857923497267784,0.019181847732379853,0.01958642580404235,0.01849166062364027,0.021857923497267784,0.01674489263768908,0.021857923497267784,0.024566473988439308,0.021857923497267784,0.021857923497267784,0.02005329555420632,0.01981981981981984,0.0196629213483146,0.021458295325219146,0.020278346994535568,0.01981981981981984,0.017512394617194782,0.019725319725319657,0.018821662571662512,0.020140208487659295
0.014256600697432176,0.01751949002885811,0.011730968724041002,0.01636381764251349,0.016549846826357406,0.014975041597337757,0.01676496286588025,0.013392491467576817,0.010759225970180863,0.011784035661858816,0.019675598485767054,0.01220696094051199,0.014609110801670933,0.009821289821289825,0.014480535581453013,0.0,0.013063731552477531,0.01508275695430239,0.01808675428201134,0.013963842417700989,0.013753061326491456,0.013228250489556781,0.013363067454966626,0.014258772559291089,0.010461221473686555,0.011862868191008458,0.015723708196612618,0.018734506326905653,0.012184781883830098,0.01936250524255556,0.018417749929003913,0.015971440517158153,0.015971440517158153,0.01820865597599952,0.014681095207506378,0.01109891029776,0.015174226202063434,0.011524265208475715,0.01359137650594111,0.016291029492424336,0.013899001666585753,0.012679896419501069,0.020362151354877067,0.011590612411043866,0.01230034881586195,0.013011550672977656,0.020642201834862317,0.015520416496040301,0.01396621078036997,0.023263549614353174,0.01706071496122563,0.01468416882742729,0.013524359599444868,0.013927722633859996,0.01550824086447744,0.011720421847393081,0.012736834014424603,0.011111111111111072,0.01041666666666663,0.018222954050409745,0.013487389959552676,0.022456774474244545,0.021018235910367,0.019545309581302184,0.014054438711972983,0.018366722645007827,0.012097510051824023,0.015004399485598618,0.02127810285096099,0.01965145993045958,0.016409983693910446,0.014074584337915308,0.018196062046273553,0.02025749688656342,0.021931703744392572,0.01817860300618923,0.013788772389689785,0.01570405177508405,0.02174665713470525,0.021373735835649055,0.02741288689896826,0.027210031347962294,0.023768366464995694,0.02353667220507949,0.023110317905149613,0.021579080985021593,0.022488285645441586,0.02741288689896826,0.021810731286491136,0.024497784866545635,0.021896708158314904,0.022530155746922853,0.023110317905149613,0.024055022809794213,0.026472302112044988,0.02741288689896826,0.026106019321278096,0.025967964940127652,0.02509952881989297,0.023768366464995694
0.012130617240776354,0.016628773525325213,0.014853579122359961,0.01789297658862876,0.016089277953684755,0.014975041597337757,0.019963369963370003,0.017458483754512644,0.012183055040197899,0.013698630136986245,0.01731987910695143,0.013977638277272941,0.013524738172625561,0.018882869182270445,0.02051282051282055,0.013063731552477531,0.0,0.019148749241238217,0.02051282051282055,0.014102564102564163,0.018800156586416095,0.02051282051282055,0.016004171267329115,0.012153329099184984,0.013193307874158844,0.014415259537210678,0.017467601090160656,0.011482410954079203,0.015498857578065461,0.011482410954079203,0.01631099332821906,0.017057800956106095,0.014734500973033082,0.016161332584690213,0.01795564795564797,0.021985583224115368,0.02737252767192888,0.018382494698284124,0.015758659054845303,0.012464387464387494,0.013313281283331202,0.017111880616703656,0.02051282051282055,0.012713808927826475,0.014165719338133043,0.018833692392176804,0.02051282051282055,0.017698561601000695,0.011695906432748537,0.014746810977966818,0.015088757396449659,0.01416525609679642,0.017555409260478383,0.01586098855425533,0.019490699374543063,0.012183055040197899,0.020436203902339356,0.01598290598290597,0.012183055040197899,0.01877889869693139,0.01270727676790695,0.020454135066811152,0.01876456876456878,0.017136425915051823,0.019230769230769273,0.02051282051282055,0.016341385057125013,0.02051282051282055,0.02051282051282044,0.017985611510791366,0.013698630136986356,0.01270727676790695,0.01888309430682311,0.02051282051282055,0.01983936945026432,0.01696415922935257,0.02051282051282055,0.015603622225503266,0.02051282051282055,0.019903480549868346,0.0189702454408337,0.02051282051282055,0.02051282051282055,0.02051282051282055,0.02051282051282055,0.01941618052729155,0.02051282051282055,0.021050430834938627,0.02051282051282055,0.020516717325227973,0.02051282051282055,0.019094277079067967,0.02051282051282055,0.016203986792222014,0.02051282051282055,0.015957294045003567,0.018452806223704044,0.018319976441387387,0.02051282051282055,0.016815790563771138
0.0163179105923017,0.016337285902503274,0.012609039283414392,0.018357487922705307,0.0164620206924182,0.014985293419991552,0.020341614906832284,0.012451561062222116,0.0165929203539823,0.015517498283211695,0.019029472535183833,0.015194352680186096,0.016653443222850117,0.012609039283414392,0.01969026548672559,0.01508275695430239,0.019148749241238217,0.0,0.021663406322963374,0.017540494458653022,0.019935113685113692,0.016804902530508814,0.016543412339872443,0.015309600834157666,0.016982350408953906,0.014660246120920206,0.014285714285714346,0.014828024967187936,0.01227634843933656,0.016000202214245918,0.01924183499345211,0.016121505810562264,0.015372219504474649,0.014346754036344,0.01825774724845841,0.012008733624454093,0.018449197860962552,0.012395153774464096,0.012609039283414392,0.015945320929498186,0.013509820852780074,0.017830228215157562,0.022055859487474794,0.012609039283414392,0.0139383285724749,0.018916397741024604,0.020198675496688745,0.019097068536992334,0.01375000000000004,0.01823493575542756,0.01997113476456791,0.015891416113497425,0.012609039283414392,0.015076329516857445,0.01646623496762256,0.015870821042281213,0.016144119175472094,0.013307572435839687,0.013994295934644851,0.01874062968515744,0.01979381719709361,0.020909321932552016,0.022055859487474794,0.018034636347652788,0.018009874139489623,0.020909321932552016,0.014534883720930258,0.01858105152655065,0.022055859487474794,0.02042698599897186,0.019458254505990813,0.019029092015306448,0.0161759974259974,0.021611788248135366,0.020909321932552016,0.018951120853294756,0.017365424430641818,0.016853932584269704,0.022055859487474794,0.020727609885065834,0.02123096446700512,0.02061051088549859,0.02189743879685646,0.022055859487474794,0.021504645645942455,0.021493688639551256,0.02123096446700512,0.023809523809523836,0.02123096446700512,0.02123096446700512,0.022055859487474794,0.020746422107024487,0.022055859487474794,0.02123096446700512,0.022055859487474794,0.02095625125426448,0.019813160866440804,0.02196499153020892,0.022055859487474794,0.021700821419435523
0.014744786803610355,0.014466862827518523,0.01699629171817063,0.014402086601523423,0.009503589121423461,0.015218855218855243,0.01450328079223262,0.02515723270440251,0.01432022842082148,0.019087942462536867,0.008854940464655625,0.01239064964864478,0.011304002633566346,0.02186702186702183,0.012539745627980992,0.01808675428201134,0.02051282051282055,0.021663406322963374,0.0,0.013007926051404328,0.013949610295450499,0.012138005672488461,0.011724662512581308,0.018220161502420562,0.012162731485721667,0.01586215881701525,0.012876904443169468,0.0113464447806354,0.01965617042165657,0.013377926421404673,0.014735284046348718,0.019364247917350697,0.017415768887668936,0.011974532214412248,0.012663452648263074,0.025529100529100512,0.03194694823590005,0.02016404647983594,0.02009478171083634,0.01594589726375084,0.012273968008496339,0.011472300518953649,0.01265799741500151,0.016902552923477532,0.016786022205408813,0.014996798436288872,0.0116485912664257,0.015028272154245514,0.01691136057712883,0.009201748332183124,0.012784603575622278,0.014927633881237079,0.019855108564786006,0.014782159617385271,0.015625,0.017174124377552724,0.01290562881451185,0.014726440284321574,0.013698630136986356,0.013279517522952866,0.01612998873272853,0.01733740634176284,0.01681614349775784,0.014820646221248679,0.02016045548654244,0.01680672268907568,0.018221706996692344,0.014329526226734335,0.01756246746486201,0.018131551378927746,0.015625,0.016357845975680352,0.013428217821782162,0.015369703683190239,0.014050993668828116,0.013039934800325947,0.013244003185030384,0.01625625374527917,0.01781113271754986,0.01681614349775784,0.018893795615542497,0.01699157231633608,0.017979307788224985,0.01680672268907568,0.02026049204052105,0.01680672268907568,0.02026049204052105,0.02082465422429597,0.020204126426690117,0.01941708797714592,0.019002375296912066,0.017979307788224985,0.01681614349775784,0.018263432411725566,0.017979307788224985,0.017979307788224985,0.01681614349775784,0.017328042328042303,0.01754385964912286,0.017979307788224985
