0.0,0.02847402597402593,0.023622047244094446,0.02614379084967322,0.033944009880609305,0.0206427750287399,0.024271844660194164,0.030480295566502447,0.025363463969658717,0.02208621984218062,0.02777777777777779,0.03749999999999998,0.02405346426623023,0.02232354079745369,0.039177983415454865,0.021512113617376816,0.020394736842105243,0.01849940756029511,0.026583938660209805,0.02103192196852144,0.024722838137472336,0.034075915186105754,0.02864164353529819,0.020905923344947785,0.021574721574721623,0.025610676547276,0.01888432364096082,0.025417933130699066,0.030852325445641315,0.03140075920514818,0.026922221525231382,0.024688476681414162,0.025820463320463283,0.030753968253968256,0.023487312581806696,0.019045064377682386,0.024691358024691357,0.02195192866834661,0.022321428571428492,0.032794102208962506,0.025351877375433318,0.024528425465024872,0.02623312564901359,0.025000000000000022,0.022831932175132907,0.023871027979210035,0.033636797599563506,0.026234567901234573,0.03848522167487689,0.03495762711864403,0.031471631205673756,0.035040853112284,0.027590090090090058,0.027063619929353244,0.038922364858964276,0.0357142857142857,0.026801152737752187,0.02335164835164827,0.03255921139266704,0.02942037470725989,0.033710706504824106,0.03676470588235292,0.029374682149516884,0.03273809523809523,0.03156305749965693,0.03844033818678294,0.0416056220114952,0.03683575481387669,0.03728150208273029,0.035892061828661226,0.034695889579857475,0.03908185449213808,0.030608767968213102,0.0357142857142857,0.0357142857142857,0.0357142857142857,0.03705600879549231,0.03525204359673029,0.031225868725868633,0.03724891393178198,0.033653846153846145,0.04376064183532452,0.04376064183532452,0.04376064183532452,0.039279869067103124,0.04376064183532452,0.04376064183532452,0.03552208297031034,0.04376064183532452,0.04027432001821585,0.04316219866908222,0.03731587561374794,0.04376064183532452,0.033777896923798734,0.03225569819229768,0.04376064183532452,0.030755954997639168,0.04376064183532452,0.04175988628457883,0.04038139965133247
0.02847402597402593,0.0,0.024521746876600692,0.024712419574965838,0.037577639751552816,0.021575678326250403,0.022522522522522515,0.02962833099579243,0.03556265956908211,0.019767441860465196,0.021460423634336645,0.03749999999999998,0.029168959823885565,0.0259571706683972,0.039177983415454865,0.021512113617376816,0.019979999166631957,0.020345040049291385,0.026721851643494388,0.021575678326250403,0.027552215893023035,0.034075915186105754,0.03416149068322982,0.02030812324929976,0.027550380653828865,0.029244306418219512,0.023365868086364983,0.030482560917343582,0.034485955316584826,0.03653806899367218,0.035146189971216546,0.028322106552357673,0.022326674500587562,0.028212560386473462,0.030125533978038188,0.016921269095182212,0.02299676607977008,0.03144409937888204,0.025259490455106337,0.03642773207990602,0.028070063389164845,0.028162055335968383,0.03007646559048427,0.025000000000000022,0.03105590062111807,0.029919709134979655,0.029519957541040642,0.02517162471395884,0.04197901049475261,0.03416149068322982,0.033660589060308554,0.03953233467299966,0.030063035396799775,0.031705605655032665,0.04255599472990779,0.042413487133984074,0.0304347826086957,0.020623212404034308,0.024774405250205134,0.026086956521739202,0.028944099378882093,0.03676470588235292,0.033008312020460395,0.03179402602162362,0.035196687370600444,0.046664306632768104,0.045239251882438714,0.0404693846848202,0.04287774866798155,0.03952569169960474,0.038329519450800986,0.04361806235146093,0.03144409937888204,0.03260869565217395,0.031476449275362306,0.03682747667262265,0.04438827098078868,0.0304347826086957,0.036808370835967885,0.04088254380272549,0.043102922955048695,0.04968944099378886,0.04968944099378886,0.04791051076403552,0.03977799895409839,0.04968944099378886,0.04968944099378886,0.039835164835164805,0.047826086956521796,0.04849828846420101,0.047865975269246186,0.04295622343202332,0.04968944099378886,0.03838597572180602,0.043102922955048695,0.04968944099378886,0.043102922955048695,0.04968944099378886,0.04968944099378886,0.044015029522275984
0.023622047244094446,0.024521746876600692,0.0,0.023757499444485575,0.025660561362874534,0.020847682564214542,0.028773043050161373,0.014837652953078373,0.036299273427797485,0.026943827870578918,0.014235764235764226,0.03516483516483515,0.02329004329004336,0.018504428280122998,0.039177983415454865,0.03150892752946666,0.023622047244094446,0.018704315095769752,0.02418354692021496,0.023622047244094446,0.026597295762542772,0.023687580025608224,0.02448985675744164,0.02030511971333948,0.01871921182266001,0.017126691643091996,0.016803865425912612,0.02286442838929026,0.01888370859305666,0.02093582227014401,0.02392344497607657,0.014652014652014711,0.018419988679550414,0.01633197802538877,0.022507401449984865,0.014235764235764226,0.024896265560165998,0.03675925925925927,0.017720883534136478,0.029159738444745953,0.014779116465863495,0.023622047244094446,0.017659293366646178,0.022222222222222254,0.02319906974970931,0.023622047244094446,0.023622047244094446,0.023622047244094446,0.05331215970961889,0.0265433581551765,0.023622047244094446,0.024703780520360596,0.024896265560165998,0.02392344497607657,0.02695374800637962,0.02943308684935486,0.023622047244094446,0.02719549750451311,0.024896265560165998,0.014235764235764226,0.023622047244094446,0.03676470588235292,0.024896265560165998,0.026568352059925027,0.02743173608159799,0.03528708133971292,0.029637005158910545,0.02486713796129203,0.031000200555826196,0.028213166144200663,0.022727272727272818,0.028055077452667776,0.023825966850828717,0.023509008575007262,0.024896265560165998,0.028192984131069077,0.028786024257260512,0.024896265560165998,0.029190238307914562,0.025280297079197322,0.033694387903460354,0.03807925136799811,0.04168657429527001,0.037826028292976654,0.03526264341204921,0.03807925136799817,0.034698979958623255,0.02842196369931016,0.03807925136799817,0.03807925136799811,0.035217592466592285,0.027353976708495154,0.03807925136799811,0.025301204819277112,0.02842196369931016,0.03807925136799817,0.028213166144200663,0.03800581354696286,0.03807925136799811,0.02842196369931016
0.02614379084967322,0.024712419574965838,0.023757499444485575,0.0,0.029367770243318714,0.019002189552705606,0.02999172123127869,0.02787895385458039,0.022202746129126427,0.022044031792923913,0.02614379084967322,0.03749999999999998,0.02021400047783195,0.02820910973084878,0.03054159908216958,0.03193589594704438,0.025790325787485524,0.02334267040149396,0.027600684185974278,0.029367770243318714,0.019039957093054505,0.026981732864085783,0.0259197324414715,0.02664919178680647,0.021962746733388938,0.018759018759018753,0.02626010003847634,0.02614379084967322,0.025362318840579712,0.02614379084967322,0.0224035683511582,0.02614379084967322,0.02854230377166167,0.02614379084967322,0.02614379084967322,0.02614379084967322,0.02614379084967322,0.020518830446527914,0.02680619266055051,0.02614379084967322,0.024869209189476105,0.02614379084967322,0.02417195207892875,0.021179411430519268,0.02614379084967322,0.029367770243318714,0.02614379084967322,0.02614379084967322,0.03110944527736137,0.029367770243318714,0.02892649766322042,0.024733061541448276,0.02614379084967322,0.027432712215320842,0.025326797385620936,0.02351046698872794,0.029367770243318714,0.028493640369107953,0.023491798721156587,0.02925227892253135,0.02619047619047621,0.03676470588235292,0.02614379084967322,0.02730447221170429,0.02614379084967322,0.030851340796667515,0.029367770243318714,0.029367770243318714,0.02614379084967322,0.022877287728772844,0.029367770243318714,0.02876670013128435,0.029367770243318714,0.033482142857142794,0.02614379084967322,0.029367770243318714,0.029367770243318714,0.029367770243318714,0.026845118366083942,0.02400589101620021,0.04244306418219462,0.03413424866514114,0.043478260869565244,0.03606346158704499,0.029367770243318714,0.029378383097607874,0.02856209624736883,0.03577898550724645,0.03286208242708155,0.04025017653586205,0.033460542456044795,0.03217011995637942,0.033695652173913127,0.027035330261136692,0.04244306418219462,0.03286208242708155,0.03457370972341034,0.03201833587998337,0.040202501488981524,0.029367770243318714
0.033944009880609305,0.037577639751552816,0.025660561362874534,0.029367770243318714,0.0,0.030738362760834637,0.031198395848077376,0.023809523809523836,0.03787056078005502,0.03002220577350112,0.02777777777777779,0.0336206896551724,0.02329004329004336,0.023379497430039975,0.039177983415454865,0.041000554743053086,0.02710709524514887,0.02366849240377711,0.023163841807909535,0.022932330827067693,0.03153153153153154,0.034075915186105754,0.017359544526801995,0.034907138062206244,0.031027405529397645,0.0220014161402724,0.024199713330148143,0.022007722007722053,0.017467248908296984,0.018859474522292974,0.017077175697865377,0.021223185759926988,0.0218241551939925,0.022332506203473934,0.01689469320066339,0.02434153899122049,0.022477894961116407,0.045099108928896126,0.020616468624177542,0.03592814371257491,0.020779220779220786,0.020689655172413834,0.023255813953488413,0.025000000000000022,0.02098901098901096,0.0186991869918699,0.03666455495723786,0.026234567901234573,0.05331215970961889,0.018895348837209336,0.012215370018975324,0.024530811290084276,0.022922735469551925,0.02284119389382555,0.027559055118110187,0.018164078380356163,0.018126015526268247,0.026238920225624462,0.024621212121212155,0.022471910112359605,0.020689655172413834,0.03665158371040711,0.017857142857142905,0.025974025974025983,0.01739359158297471,0.027124773960216952,0.014157014157014203,0.022305764411027496,0.01671087533156501,0.02083333333333337,0.029761904761904767,0.030120481927710885,0.017157125022293607,0.028192371475953548,0.01840081840081831,0.017857142857142905,0.018581878244455008,0.020689655172413834,0.0289927768860353,0.028509027373325613,0.028041869614087722,0.0240352064996614,0.03985507246376818,0.030701754385964897,0.019174041297935207,0.027638190954773934,0.028761904761904766,0.02679548563611489,0.028041869614087722,0.028041869614087722,0.02692307692307694,0.02412758996728459,0.03076923076923077,0.018340001270083173,0.025690720945322876,0.025369891188959603,0.021428571428571352,0.02155402316366961,0.028041869614087722,0.02155402316366961
0.0206427750287399,0.021575678326250403,0.020847682564214542,0.019002189552705606,0.030738362760834637,0.0,0.02662037037037035,0.02438915641162831,0.023048070933453513,0.029180540140584466,0.024135220125786172,0.035337552742616074,0.018821839080459757,0.01911764705882346,0.039177983415454865,0.0269905533063427,0.01709323078621494,0.017046074402705558,0.021939105062699027,0.015802533629358684,0.021841985870762803,0.034075915186105754,0.02543599641552352,0.026390644753476522,0.0181244896107432,0.022405029427501333,0.016824290691886512,0.01764894858625421,0.02691876845785668,0.028172152543451956,0.021582733812949617,0.020539152759948665,0.019562432245984085,0.020420902443374356,0.020281665462032028,0.02298265460030169,0.018742180435294298,0.030250648228176358,0.021147321076303904,0.02985074626865669,0.020607243019144073,0.029211170449488177,0.02181763524003777,0.025000000000000022,0.019944754568002487,0.019434731934731997,0.026953321064078994,0.01833234772324066,0.038922568200606245,0.02877697841726623,0.02636001769128704,0.024804037367121223,0.018813786180358005,0.02477853945597397,0.03389215765293796,0.02877697841726623,0.02264580088506518,0.02020348837209307,0.022735058706281785,0.021429096793174507,0.02877697841726623,0.02877697841726623,0.025179856115107868,0.03259423503325942,0.028357410379882264,0.03283610854147401,0.03548196333530462,0.03083716550406379,0.027004596527068436,0.03268641470888656,0.02877697841726623,0.03548196333530462,0.02538585871390997,0.027867082388052467,0.026589912280701733,0.02998819968190447,0.02877697841726623,0.025691988781855857,0.03694105691056915,0.028520253513364624,0.029710591133004893,0.03161750530171592,0.04077233535131175,0.03548196333530462,0.03548196333530462,0.03548196333530462,0.03548196333530462,0.032316435850535674,0.03548196333530462,0.028552158273381312,0.034164611309034365,0.03694105691056915,0.03548196333530462,0.030572249804024065,0.042162698412698374,0.03548196333530462,0.02964204040147378,0.03548196333530462,0.02964204040147378,0.03362121255885153
0.024271844660194164,0.022522522522522515,0.028773043050161373,0.02999172123127869,0.031198395848077376,0.02662037037037035,0.0,0.022522522522522515,0.031632460930145045,0.022522522522522515,0.022522522522522515,0.03749999999999998,0.022522522522522515,0.022522522522522515,0.038245792962774194,0.029268292682926855,0.029572694111516418,0.022522522522522515,0.026575433175146213,0.022522522522522515,0.022522522522522515,0.034075915186105754,0.03004778972520905,0.027291167250599213,0.032253576645720816,0.022526257600884447,0.025288403157255557,0.035290222404895655,0.029661016949152463,0.026473656755346853,0.02946127946127941,0.02321159268244699,0.023143523143523193,0.02482896909648502,0.034591589331995576,0.02302082060057853,0.024271844660194164,0.036772983114446545,0.021943248430772333,0.02985074626865669,0.032810174536598624,0.028013701844118,0.03372434017595305,0.0279828530602525,0.028789486091466254,0.0235040123833965,0.03621195452878623,0.03150781112866419,0.04475421863536322,0.03457155380232302,0.025529768971349842,0.030241615005563438,0.022522522522522515,0.03801742919389972,0.03249158249158246,0.033831908831908786,0.032651072124756264,0.024779101037264772,0.02569581415735256,0.02899327899327897,0.040099009900990135,0.03676470588235292,0.03232311206684868,0.038277511961722466,0.03637491066548948,0.04252605899312478,0.035418914059690776,0.03760494814327042,0.03653803504102904,0.03815341746376222,0.03242562990333886,0.04044141832774162,0.03618421052631582,0.04739067656765672,0.03168975535812024,0.037647857281365105,0.03519548880240997,0.03213350906829526,0.03992107395792954,0.037741150028095194,0.05523469013568022,0.04580896686159841,0.0434782608695653,0.04883280090022735,0.03871914162370593,0.04105310129406514,0.041068139963167605,0.04745370370370372,0.04137931034482756,0.051924894732319316,0.04513526065250206,0.04607865366689334,0.045370370370370394,0.03770195262166709,0.05494068287037035,0.043209876543209846,0.048482243433924266,0.04369305407644064,0.05187721968543879,0.03932864769366673
0.030480295566502447,0.02962833099579243,0.014837652953078373,0.02787895385458039,0.023809523809523836,0.02438915641162831,0.022522522522522515,0.0,0.03787056078005502,0.022075222075222056,0.01173497021122949,0.03749999999999998,0.02329004329004336,0.019397260273972594,0.039177983415454865,0.042893187552565215,0.023809523809523836,0.01761757334512759,0.02418354692021496,0.023809523809523836,0.030711308323248532,0.03131332360344352,0.01579349174539557,0.031468680662229076,0.029556650246305383,0.016574585635359185,0.017850506980941816,0.024590163934426257,0.01606981704815824,0.019406643254316625,0.016676195921478953,0.023809523809523836,0.01809301809301811,0.013407695341107528,0.016759776536312887,0.014029644031907984,0.024590163934426257,0.04567307692307693,0.015625,0.0355974617928323,0.023076923076923106,0.023809523809523836,0.025672603258810156,0.0273972602739726,0.020912547528517123,0.023809523809523836,0.029063678257226666,0.026234567901234573,0.05331215970961889,0.024590163934426257,0.024590163934426257,0.025125628140703515,0.023809523809523836,0.02284119389382555,0.020000000000000018,0.027257240204429323,0.023809523809523836,0.023809523809523836,0.024621212121212155,0.017857142857142905,0.024590163934426257,0.03676470588235292,0.02551400568251605,0.030634210962079855,0.023809523809523836,0.02717556094602791,0.0273972602739726,0.025795666158794694,0.024590163934426257,0.027462121212121215,0.020724366957243667,0.030120481927710885,0.0273972602739726,0.03229166666666661,0.0273972602739726,0.0273972602739726,0.024590163934426257,0.024590163934426257,0.028639846743295005,0.027743634767339653,0.03676704274590814,0.03171204241868053,0.043478260869565244,0.03339072127582465,0.02717556094602791,0.027462121212121215,0.03176126878130214,0.03273809523809523,0.0357142857142857,0.03236097597485221,0.02782236490101664,0.030721966205837226,0.03076923076923077,0.0273972602739726,0.0357142857142857,0.02840395922806116,0.031980540681729175,0.02840395922806116,0.03231330092797169,0.02840395922806116
0.025363463969658717,0.03556265956908211,0.036299273427797485,0.022202746129126427,0.03787056078005502,0.023048070933453513,0.031632460930145045,0.03787056078005502,0.0,0.02212324228815432,0.03787056078005502,0.03749999999999998,0.017989563306783918,0.03125271153952347,0.039177983415454865,0.027560197272991083,0.031203184522535676,0.03230790841410314,0.02661857768730369,0.034870138793458905,0.01784325585414326,0.029125142499908052,0.029500065265631092,0.0221682895788321,0.020152789865583665,0.02669535031535719,0.031203184522535676,0.03787056078005502,0.03291494961569519,0.03786346396965867,0.029924263466844403,0.03787056078005502,0.03787056078005502,0.03787056078005502,0.03787056078005502,0.03787056078005502,0.035116211222405935,0.023953446409238466,0.025824086161879922,0.03365252393929541,0.030385785398230114,0.03648501785437053,0.030171156277351008,0.025000000000000022,0.030320072781407692,0.03787056078005502,0.03484961513682139,0.022396416573348232,0.019777203745560246,0.03787056078005502,0.03787056078005502,0.03091080698442661,0.03706981317600788,0.03787056078005502,0.03978078658929718,0.037138741334293734,0.03787056078005502,0.03787056078005502,0.022509692222486,0.03330778342972618,0.033819978180659294,0.03787056078005502,0.03787056078005502,0.03319232865336208,0.032421479229989836,0.03787056078005502,0.0408236522647174,0.03787056078005502,0.03353318460680432,0.03675048355899413,0.03787056078005502,0.03994027622247098,0.035130404843198626,0.03787056078005502,0.03787056078005502,0.03787056078005502,0.03407464409388228,0.03787056078005502,0.031632460930145045,0.03513956252208272,0.03514851485148518,0.03823681431043402,0.043478260869565244,0.0408236522647174,0.0408236522647174,0.0408236522647174,0.0408236522647174,0.03787056078005502,0.0408236522647174,0.03549670520949899,0.03935358371988629,0.03787056078005502,0.0408236522647174,0.03463631865413164,0.036716395367198285,0.0408236522647174,0.0365298870606342,0.0408236522647174,0.03787056078005502,0.03824698932060899
0.02208621984218062,0.019767441860465196,0.026943827870578918,0.022044031792923913,0.03002220577350112,0.029180540140584466,0.022522522522522515,0.022075222075222056,0.02212324228815432,0.0,0.022075222075222056,0.033333333333333326,0.018592480374604037,0.019767441860465196,0.039177983415454865,0.03313391624482287,0.02717743321304411,0.019819294666277965,0.023357514019653247,0.02027086837213421,0.02369925671812456,0.023768476838106123,0.02667521184931998,0.024828934506353928,0.03072599531615927,0.019153679724995376,0.022457828909441813,0.031917644529006584,0.02672955974842761,0.02859237536656889,0.02608870158539034,0.022075222075222056,0.022075222075222056,0.024956510103037566,0.031219011456106505,0.022075222075222056,0.022075222075222056,0.032390510948905105,0.019754052592472093,0.02299074196569162,0.031025092394475817,0.02672955974842761,0.03733562035448823,0.02422145328719727,0.029878671281740488,0.026933308729682692,0.032839376652897156,0.028135233252775116,0.03421052631578947,0.031198975926433947,0.022457828909441813,0.027281105990783372,0.022075222075222056,0.03464485131801065,0.02911900461569339,0.030459330956019715,0.029278494248867193,0.022117276662731222,0.022323236281463488,0.0256207011173899,0.03725641318413642,0.03676470588235292,0.030675706452234497,0.03625730994152043,0.03300233278960041,0.03993302295189083,0.032046336183801705,0.03577573296368797,0.03316545716513997,0.029087025272560907,0.03443264098092069,0.03706884045185255,0.03481536832928578,0.045561461388074265,0.0342820646600579,0.03568272779250481,0.03226403160168512,0.025927286081527723,0.03809185877834709,0.0372252603048262,0.05263379360794446,0.04653684026234628,0.04636037329504661,0.04700358572064489,0.03309334343817105,0.03768052341817607,0.0450310635027098,0.04756289308176098,0.049317160826594764,0.048552316856430244,0.04264716274468239,0.04424943848731089,0.04199779249448132,0.04090362424833416,0.05156810499448128,0.04095982142857135,0.04665302825434181,0.04032047620055157,0.04850464180954972,0.03654607122668185
0.02777777777777779,0.021460423634336645,0.014235764235764226,0.02614379084967322,0.02777777777777779,0.024135220125786172,0.022522522522522515,0.01173497021122949,0.03787056078005502,0.022075222075222056,0.0,0.03749999999999998,0.02329004329004336,0.020748114927800487,0.039177983415454865,0.031158217341335726,0.02777777777777779,0.021585827313381545,0.019607843137254832,0.02777777777777779,0.028960898070845675,0.034075915186105754,0.019761745713649526,0.023300773300773292,0.02197422520125769,0.019370378290769485,0.020959595959595956,0.02777777777777779,0.022359838163652945,0.019929283188685365,0.020331699694580596,0.022825659189295577,0.017425810904071803,0.017746288798920373,0.023195577935984257,0.017217257875259517,0.028301886792452824,0.038662907772855415,0.015625,0.031523340753048856,0.02289407995231174,0.02777777777777779,0.02764684653156746,0.02777777777777779,0.02190805634932569,0.02777777777777779,0.02777777777777779,0.02777777777777779,0.05331215970961889,0.02777777777777779,0.02777777777777779,0.025125628140703515,0.02777777777777779,0.02284119389382555,0.021095571095571142,0.02777777777777779,0.02777777777777779,0.02777777777777779,0.02777777777777779,0.017597267597267652,0.02777777777777779,0.03676470588235292,0.029314457784208714,0.028949065119277972,0.02777777777777779,0.031130047597113464,0.02777777777777779,0.02679820363689911,0.02777777777777779,0.030357343862292385,0.027310924369747913,0.030120481927710885,0.02777777777777779,0.030334628874774894,0.03164556962025322,0.029116465863453844,0.027851029377746972,0.028301886792452824,0.02712382516652989,0.02782505544380831,0.03925875309124044,0.03441295546558709,0.043478260869565244,0.036342168387490936,0.03026029731476587,0.03335464620630857,0.030357343862292385,0.031075808249721226,0.032513661202185795,0.03925875309124044,0.033739249256490744,0.03335464620630857,0.033974358974359076,0.030216156558723006,0.03606199421477374,0.03335464620630857,0.03284771852666302,0.03258941767661838,0.03925875309124044,0.031773592893192815
0.03749999999999998,0.03749999999999998,0.03516483516483515,0.03749999999999998,0.0336206896551724,0.035337552742616074,0.03749999999999998,0.03749999999999998,0.03749999999999998,0.033333333333333326,0.03749999999999998,0.0,0.03749999999999998,0.03749999999999998,0.029299363057324834,0.03749999999999998,0.03749999999999998,0.03749999999999998,0.03749999999999998,0.03749999999999998,0.03749999999999998,0.02433198984923124,0.03749999999999998,0.03749999999999998,0.03749999999999998,0.03749999999999998,0.03695652173913033,0.03749999999999998,0.03749999999999998,0.03749999999999998,0.03749999999999998,0.03749999999999998,0.03749999999999998,0.03749999999999998,0.03749999999999998,0.03749999999999998,0.03490566037735843,0.03263403263403264,0.03749999999999998,0.025527868129444853,0.03749999999999998,0.03749999999999998,0.03749999999999998,0.029166666666666563,0.03749999999999998,0.03749999999999998,0.03749999999999998,0.03749999999999998,0.04579041648007165,0.037209302325581284,0.03749999999999998,0.032061068702289974,0.03749999999999998,0.030709331065458367,0.03749999999999998,0.03615702479338845,0.03749999999999998,0.03749999999999998,0.03700440528634363,0.036206896551724155,0.035377358490566,0.03394680731679944,0.033238172920065256,0.037703410216499256,0.03749999999999998,0.03749999999999998,0.03716216216216217,0.03749999999999998,0.03749999999999998,0.03749999999999998,0.03749999999999998,0.03749999999999998,0.03749999999999998,0.03749999999999998,0.03749999999999998,0.03749999999999998,0.03008653383900428,0.03749999999999998,0.03644636348863661,0.03749999999999998,0.03956419473660855,0.03749999999999998,0.037788944723618045,0.03618787326652506,0.0360581055526904,0.03749999999999998,0.03749999999999998,0.037703410216499256,0.0392424242424243,0.03557010031808172,0.03749999999999998,0.03749999999999998,0.03749999999999998,0.03749999999999998,0.0392424242424243,0.03749999999999998,0.037703410216499256,0.0360581055526904,0.03707758210376011,0.03749999999999998
0.02405346426623023,0.029168959823885565,0.02329004329004336,0.02021400047783195,0.02329004329004336,0.018821839080459757,0.022522522522522515,0.02329004329004336,0.017989563306783918,0.018592480374604037,0.02329004329004336,0.03749999999999998,0.0,0.019565530139548315,0.039177983415454865,0.02836393532474657,0.020083312643107365,0.015781298539919164,0.021082251082251036,0.02318295739348375,0.020025180345719318,0.03109526638938409,0.01981801888743362,0.017399267399267337,0.018048128342246006,0.01754084686718016,0.01951600312256052,0.02329004329004336,0.021227768215720033,0.02059035469321302,0.018237082066869248,0.0218759852863899,0.02329004329004336,0.02329004329004336,0.02200251361541683,0.02329004329004336,0.019693200663349897,0.03273809523809523,0.018048128342246006,0.029371857291084713,0.018852029093812228,0.01974570097790329,0.021354933726067782,0.02218246869409657,0.020689655172413834,0.02329004329004336,0.019369202226345084,0.018048128342246006,0.030595611285266444,0.02329004329004336,0.02329004329004336,0.016305199895479516,0.01959595959595961,0.02329004329004336,0.02319040326697297,0.02329004329004336,0.02329004329004336,0.02329004329004336,0.018048128342246006,0.02035330261136714,0.01982505467041551,0.03676470588235292,0.02294108232113956,0.029791007573578776,0.022739432851792363,0.029643073200241954,0.025803156917363013,0.02521918797597389,0.021386618998978535,0.02287798408488062,0.02431725866390111,0.027077625570776198,0.02334143551615675,0.02860314207650272,0.02329004329004336,0.02437022215381457,0.0216486523320788,0.02329004329004336,0.026833558309813044,0.022427789869992276,0.03537949461099543,0.03261385314082643,0.043478260869565244,0.030701754385964897,0.027322097378277177,0.02868852459016391,0.028072744191138255,0.03119519634006862,0.034482758620689724,0.03100203817410363,0.03070983212714018,0.02743789395624774,0.027322097378277177,0.025973425123991367,0.034482758620689724,0.02868852459016391,0.029694708942770265,0.02868852459016391,0.030954363127223106,0.027322097378277177
0.02232354079745369,0.0259571706683972,0.018504428280122998,0.02820910973084878,0.023379497430039975,0.01911764705882346,0.022522522522522515,0.019397260273972594,0.03125271153952347,0.019767441860465196,0.020748114927800487,0.03749999999999998,0.019565530139548315,0.0,0.039177983415454865,0.03324622531939603,0.019808432902142736,0.019863777089783263,0.02147137441255087,0.01992110453648921,0.031048906048905978,0.024577886710239638,0.022627218934911264,0.021273408239700364,0.023427974984431055,0.018680896478121656,0.017355371900826477,0.02148243813565187,0.022878508000801157,0.021595988884861583,0.016987693953986027,0.01753246753246751,0.01854369406816969,0.02106879606879608,0.021397379912663772,0.019322404371584723,0.016190006574621885,0.04075091575091572,0.019277222814105377,0.03361134873110916,0.022297297297297236,0.022627218934911264,0.027272727272727226,0.024736048265460053,0.02354740061162075,0.020142008404579026,0.022794117647058854,0.018315789473684174,0.04901415169343304,0.022910587796084014,0.018181818181818188,0.024530811290084276,0.019277222814105377,0.024751669109265517,0.02461004054026883,0.02367090671885197,0.020274973894883308,0.01779870838166797,0.019277222814105377,0.017540152155536837,0.024736232629953614,0.03676470588235292,0.025273224043715792,0.03625541125541132,0.02650199973629852,0.03434774181042832,0.025027707954537237,0.032854107074974825,0.022080608194980145,0.030205752995298485,0.02602739726027392,0.025932612492395868,0.02668646320797252,0.03621822627476945,0.02652552926525531,0.026976980868041123,0.024928435114503822,0.02407695902788598,0.03745543672014262,0.031639979163363696,0.04043820307330337,0.03745543672014262,0.0434782608695653,0.03706188160321988,0.03316095669036845,0.032378798282106214,0.038034677021002494,0.03749999999999998,0.04287551008999946,0.03603213630224744,0.035235082360641434,0.036138254057982766,0.03700589231613349,0.03185550082101807,0.045145631067961156,0.03745543672014262,0.03627450980392155,0.036138254057982766,0.036138254057982766,0.036138254057982766
0.039177983415454865,0.039177983415454865,0.039177983415454865,0.03054159908216958,0.039177983415454865,0.039177983415454865,0.038245792962774194,0.039177983415454865,0.039177983415454865,0.039177983415454865,0.039177983415454865,0.029299363057324834,0.039177983415454865,0.039177983415454865,0.0,0.039177983415454865,0.039177983415454865,0.03393055335341688,0.039177983415454865,0.039177983415454865,0.039177983415454865,0.039177983415454865,0.039177983415454865,0.039177983415454865,0.039177983415454865,0.039177983415454865,0.039177983415454865,0.039177983415454865,0.039177983415454865,0.039177983415454865,0.039177983415454865,0.039177983415454865,0.039177983415454865,0.0369916707496325,0.039177983415454865,0.039177983415454865,0.039177983415454865,0.039177983415454865,0.039177983415454865,0.039177983415454865,0.039177983415454865,0.039177983415454865,0.039177983415454865,0.039177983415454865,0.039177983415454865,0.039177983415454865,0.039177983415454865,0.039177983415454865,0.05326485693323557,0.031848242255482107,0.039177983415454865,0.039177983415454865,0.039177983415454865,0.039177983415454865,0.039177983415454865,0.038459668400836255,0.039177983415454865,0.03611754487550667,0.039177983415454865,0.039177983415454865,0.039177983415454865,0.031399409989488314,0.02606491269281963,0.039177983415454865,0.039177983415454865,0.03980274744628387,0.038823172581134324,0.039177983415454865,0.039177983415454865,0.029836650459967085,0.039177983415454865,0.039177983415454865,0.039177983415454865,0.04430465367965364,0.039177983415454865,0.03492454573452419,0.039177983415454865,0.039177983415454865,0.039177983415454865,0.039177983415454865,0.05233002291825822,0.0430856553147575,0.03957106674122568,0.045746778012224265,0.039177983415454865,0.039177983415454865,0.03957106674122568,0.04473039215686281,0.04409730697258152,0.049201583185478404,0.04241194910566115,0.04299263077889026,0.04264705882352948,0.039177983415454865,0.05221737132352944,0.040486564996368934,0.045396220545921184,0.04096974252959973,0.04915390813859788,0.039177983415454865
0.021512113617376816,0.021512113617376816,0.03150892752946666,0.03193589594704438,0.041000554743053086,0.0269905533063427,0.029268292682926855,0.042893187552565215,0.027560197272991083,0.03313391624482287,0.031158217341335726,0.03749999999999998,0.02836393532474657,0.03324622531939603,0.039177983415454865,0.0,0.03006239364719232,0.026623153555479284,0.03899683064627257,0.030551989730423612,0.03044816968867603,0.03686708860759491,0.03621703566728307,0.02438226149566347,0.03254079400796217,0.03311093097212692,0.029284607227343162,0.037830825116761835,0.03823335530652605,0.04228744258989581,0.035650623885918,0.02655971479500896,0.03823335530652605,0.043166860240031024,0.03554040895813049,0.031335986963374585,0.03434146341463418,0.018483503661801626,0.03473432055749126,0.03255266426621928,0.034814814814814854,0.03347923814030518,0.037483424193310744,0.02629016553067176,0.03492624865955074,0.035230352303523005,0.03974358974358971,0.035230352303523005,0.027074186648654797,0.04511446954960352,0.043338719813268645,0.036430959430202026,0.03945717869768495,0.037770034843205624,0.04376236884358309,0.04002125325654737,0.03725055432372504,0.03576454033771104,0.04068108605614362,0.04183326669332266,0.04172680991069011,0.044443489286712046,0.038940741392973544,0.044786935935839156,0.04046474358974361,0.04701426024955435,0.04254029382399094,0.04785427601111458,0.045075640629824054,0.04533136240453317,0.04364346515527817,0.045752630776269565,0.038907726389077246,0.04785427601111458,0.047383130081300795,0.04785427601111458,0.04051320316710194,0.04634146341463419,0.0436387607119314,0.04067282302653652,0.047818366311517035,0.05045934457699164,0.04614013437542852,0.049553207202818084,0.04785427601111458,0.04785427601111458,0.047727744345299805,0.04692806421735096,0.04785427601111458,0.05045934457699164,0.04825059997473791,0.045366450258155,0.05045934457699164,0.04054297015462072,0.047818366311517035,0.049399220967848434,0.04532934021037838,0.04988239850107923,0.05045934457699164,0.04785427601111458
0.020394736842105243,0.019979999166631957,0.023622047244094446,0.025790325787485524,0.02710709524514887,0.01709323078621494,0.029572694111516418,0.023809523809523836,0.031203184522535676,0.02717743321304411,0.02777777777777779,0.03749999999999998,0.020083312643107365,0.019808432902142736,0.039177983415454865,0.03006239364719232,0.0,0.016984750251118674,0.02681593335068999,0.016393442622950838,0.027278052045853873,0.03328690310368232,0.025743707093821455,0.023757339610899098,0.019232471018553965,0.023485932284215583,0.016725153155296435,0.025058915946582827,0.028739423490606653,0.022382356152418348,0.025369978858350906,0.023809523809523836,0.02242371239014651,0.022332506203473934,0.027993674051445594,0.022857475773406133,0.020136424274459497,0.03756708407871201,0.018050541516245522,0.03293413173652693,0.023076923076923106,0.029085991622592622,0.026393814313121378,0.023292349726776074,0.022638117031709704,0.01930955310783644,0.026171376922704437,0.020394736842105243,0.048964624676445245,0.027973638521773037,0.019504876219054723,0.02848297213622286,0.019119226638023568,0.023287822065624297,0.029721692718261528,0.030879620731629198,0.026053156844206282,0.024206585552624782,0.022640657907933015,0.022471910112359605,0.02893955020550154,0.03676470588235292,0.026162790697674354,0.029484029484029506,0.029776995384939497,0.03673361522198726,0.031083539041184882,0.027297953981172962,0.03244673443810053,0.029484029484029506,0.033203734710673394,0.03357041251778092,0.026346344295324897,0.028192371475953548,0.022829019761535174,0.027696505722731746,0.03423061470470068,0.02674381611389487,0.0337745071118678,0.033016441344115854,0.035833595965962806,0.03840269277845776,0.043478260869565244,0.038196218702095,0.03670917729432355,0.03840269277845776,0.03614551384089759,0.033825300274801684,0.03840269277845776,0.03840269277845776,0.035833595965962806,0.03449048152295631,0.03840269277845776,0.035833595965962806,0.0371198568872988,0.03840269277845776,0.034621079553102674,0.03840269277845776,0.03840269277845776,0.035833595965962806
0.01849940756029511,0.020345040049291385,0.018704315095769752,0.02334267040149396,0.02366849240377711,0.017046074402705558,0.022522522522522515,0.01761757334512759,0.03230790841410314,0.019819294666277965,0.021585827313381545,0.03749999999999998,0.015781298539919164,0.019863777089783263,0.03393055335341688,0.026623153555479284,0.016984750251118674,0.0,0.02125768967874231,0.013659166160913894,0.02297983262450265,0.034075915186105754,0.022517886280908783,0.02143528306318998,0.018401559454190974,0.021371708511941145,0.01666666666666672,0.027760318960595387,0.019020467214161063,0.019570720730467173,0.021931376016979143,0.018018018018018056,0.01673972853353234,0.017299065652184753,0.027061685887695308,0.019942114059761096,0.01551621981928597,0.034127843986998974,0.01989255118338895,0.02985074626865669,0.01974160206718345,0.026170629908947585,0.021878783386455103,0.025000000000000022,0.021207000790611885,0.02119619702327835,0.023184338303660623,0.02397790768436392,0.04542966611932131,0.02704165035802275,0.02062199795384001,0.02271171156126317,0.020890988160386148,0.02284119389382555,0.026283089876889765,0.027237354085603127,0.025121168680455996,0.02038803901710995,0.020151210292055355,0.021463375548978703,0.028007562041751255,0.03676470588235292,0.023184338303660623,0.03124217807813956,0.02884500722118921,0.034996155548824515,0.027889010615390508,0.03163731245923029,0.02900813159672877,0.029172558288350525,0.023569954297508522,0.03291151488344135,0.0282315454062666,0.030054312581063503,0.02285714285714291,0.029905503057254035,0.026793955298163086,0.0258878226371958,0.03687258687258688,0.02675146375933779,0.04280155642023348,0.03827906341729814,0.043478260869565244,0.04000776522025373,0.02973828244829424,0.033523197849764874,0.03687258687258688,0.032646366844629404,0.03687258687258688,0.04280155642023348,0.037605357208201795,0.03477752561722025,0.037840466926070127,0.025469757406989313,0.039281492921048766,0.03687258687258688,0.03114587944733105,0.03616315063214037,0.04280155642023348,0.03170485660758038
0.026583938660209805,0.026721851643494388,0.02418354692021496,0.027600684185974278,0.023163841807909535,0.021939105062699027,0.026575433175146213,0.02418354692021496,0.02661857768730369,0.023357514019653247,0.019607843137254832,0.03749999999999998,0.021082251082251036,0.02147137441255087,0.039177983415454865,0.03899683064627257,0.02681593335068999,0.02125768967874231,0.0,0.02195121951219514,0.029088410444342627,0.02229130134438595,0.02418354692021496,0.028428093645485042,0.026081245895487437,0.018916705063226402,0.01933404940923733,0.02418354692021496,0.02418354692021496,0.021698640342708075,0.023784812316208326,0.02418354692021496,0.02418354692021496,0.02418354692021496,0.02418354692021496,0.02418354692021496,0.02418354692021496,0.04524886877828049,0.021168638097084913,0.035319192124226184,0.02418354692021496,0.02418354692021496,0.023921200750469107,0.02202797202797202,0.02418354692021496,0.02418354692021496,0.024089767733835532,0.019625130616509945,0.04438001784121326,0.02279846849982603,0.02418354692021496,0.020617252719453583,0.02418354692021496,0.02418354692021496,0.023579993454134307,0.02418354692021496,0.02375907990314763,0.027933293627159017,0.019331065759637278,0.017857142857142905,0.023764380183554534,0.03676470588235292,0.02418354692021496,0.028108877423945966,0.02460182536299249,0.030752973690627794,0.02418354692021496,0.02418354692021496,0.02476494973853205,0.026960784313725505,0.02418354692021496,0.02866833302524463,0.02418354692021496,0.023541666666666683,0.02418354692021496,0.02252133570078474,0.02418354692021496,0.0246969452076935,0.030626988038170433,0.026011075683839646,0.036754782884813875,0.03403588155910142,0.043478260869565244,0.03215740000761125,0.030168617591955105,0.03508771929824561,0.03151438240270732,0.028108877423945966,0.03240680887739722,0.036754782884813875,0.03508771929824561,0.026960784313725505,0.03508771929824561,0.02635816970287963,0.032182331920551754,0.03508771929824561,0.028108877423945966,0.03508771929824561,0.036754782884813875,0.028108877423945966
