0.0,0.02847402597402593,0.020158069651185606,0.019637064960112194,0.03596259648132849,0.017142857142857237,0.025882181393992343,0.030480295566502447,0.024456521739130377,0.02250960351810327,0.021505376344086113,0.026234567901234573,0.022931467583103382,0.02232354079745369,0.039177983415454865,0.024955436720142665,0.025731850117096,0.01678818643285651,0.026583938660209805,0.02103192196852144,0.01858108108108114,0.034075915186105754,0.023592715231788075,0.023055826709431515,0.01989107269713475,0.0564373897707231,0.024497370862975654,0.023499123575810632,0.030852325445641315,0.03290443912272867,0.02608172827732047,0.02303468683215515,0.01962560386473433,0.03336720867208676,0.023487312581806696,0.020313613684960874,0.01936313620882657,0.019917582417582458,0.02829803047194346,0.032794102208962506,0.020976728941330736,0.024528425465024872,0.024525815139533558,0.025000000000000022,0.022184091187645527,0.02135955246651977,0.03472222222222221,0.033935689609354225,0.03470887507066134,0.020683641437042266,0.028470088988820974,0.035040853112284,0.0743114909781577,0.027063619929353244,0.023346741753821454,0.034489169842892964,0.02521609538002989,0.026234567901234573,0.028268194070080854,0.02942037470725989,0.02521609538002989,0.03237375669472076,0.032330397912589626,0.03481624758220503,0.028641792285524326,0.03259971732227096,0.03024942859982116,0.03683575481387669,0.03150154029613439,0.0329184704184704,0.031230573169215403,0.033885542168674676,0.030305005213764336,0.0357142857142857,0.027842819404418795,0.03319384680167914,0.03807559140007877,0.03347195042400519,0.030400294511840897,0.03724891393178198,0.03490444410738669,0.04148339147580771,0.05681818181818182,0.04361933455593403,0.03717851122831817,0.04466858789625361,0.04001610994831051,0.03552208297031034,0.03546385278853437,0.040903369993530614,0.03737025842880903,0.039131767735606116,0.029807692307692313,0.033777896923798734,0.03994146454176106,0.03480576441102756,0.03131909183782389,0.031126185503151937,0.042884522570727945,0.041466346153846145
0.02847402597402593,0.0,0.024521746876600692,0.02990794921808171,0.0412628080864027,0.021399333650642616,0.023456790123456805,0.02962833099579243,0.03556265956908211,0.020804438280166426,0.021460423634336645,0.017857142857142794,0.03197346132128731,0.0259571706683972,0.03683074381046292,0.02444444444444449,0.018430649372176866,0.020314547837483654,0.026721851643494388,0.02323220258002867,0.024722838137472336,0.030181086519114664,0.03567401149157812,0.0318903983421599,0.028159426780116403,0.0564373897707231,0.020171356673523544,0.02859822541715007,0.02796056003115832,0.03653806899367218,0.02971535814826398,0.02254004576659041,0.022326674500587562,0.030417814508723606,0.02789959234424999,0.020314547837483654,0.026479007633587792,0.037254225595032775,0.02232509082386025,0.03642773207990602,0.023325358851674638,0.029062988767240117,0.03251943899425913,0.027761023294509135,0.023748675434768995,0.030710835058661123,0.0328931993456415,0.027781367101692656,0.04197901049475261,0.027879556814577433,0.033660589060308554,0.040306027243888765,0.06593406593406592,0.030697249800296755,0.025799585503836875,0.03967140853536355,0.0304347826086957,0.021341383383646217,0.024774405250205134,0.026086956521739202,0.028845468498305937,0.03086768304159615,0.025212167970902644,0.03558581706063724,0.035196687370600444,0.04521897377062145,0.03388305847076467,0.0404693846848202,0.029846038053283452,0.03952569169960474,0.038329519450800986,0.04361806235146093,0.03843084863014956,0.03861816207411428,0.031476449275362306,0.0405758402507691,0.04438827098078868,0.0304347826086957,0.036684782608695676,0.04088254380272549,0.04752370055573718,0.05201117469961214,0.055150125104253545,0.04791051076403552,0.03621256038647347,0.05111751353239047,0.04911026342593516,0.040761706715958135,0.04605080189116528,0.04808184143222505,0.041003888299752544,0.04295622343202332,0.041821946169772195,0.037411526794742245,0.0518191379698284,0.04465334900117501,0.04228888595216074,0.03738029521649333,0.05279503105590061,0.044015029522275984
0.020158069651185606,0.024521746876600692,0.0,0.028289982496845334,0.025660561362874534,0.0242713334365805,0.02383772377646176,0.015320601728368688,0.03387949414410474,0.021622344304535912,0.012158054711246202,0.03516483516483515,0.032185771939254204,0.014741904312456477,0.039177983415454865,0.03150892752946666,0.02072110541759742,0.0187689895128883,0.016972243442831658,0.015133082897744732,0.026597295762542772,0.019192075530103714,0.02450995524000621,0.0318903983421599,0.01871921182266001,0.0564373897707231,0.01938795853269537,0.029752387919692813,0.01888370859305666,0.02093582227014401,0.02392344497607657,0.01556872313233404,0.016483516483516536,0.03336720867208676,0.01579119620356728,0.016483516483516536,0.02767857142857144,0.03629930546455251,0.03798560173865795,0.029159738444745953,0.020976728941330736,0.016483516483516536,0.021603856266432908,0.01881678798203501,0.021325398301407228,0.022112034307156248,0.029108822212270513,0.033935689609354225,0.05021980705824891,0.029033719317120177,0.018058342336780386,0.024703780520360596,0.06593406593406603,0.02284119389382555,0.026900584795321536,0.043743474199043786,0.027113237639553422,0.028346653346653317,0.024621212121212155,0.02345544450807613,0.02551834130781494,0.03676470588235292,0.017403918691289433,0.03319713993871298,0.030837076180286638,0.03698822450792194,0.029637005158910545,0.028358034776520102,0.020290235734453987,0.02392344497607657,0.022727272727272818,0.03490358384253878,0.023560964845275145,0.039059913935782786,0.018404907975460127,0.03211002279616226,0.028786024257260512,0.01969170646982199,0.02933114035087714,0.025280297079197322,0.04641553121382125,0.04027113237639557,0.05681818181818177,0.038722125005608565,0.026857611263802483,0.0355152668088623,0.034698979958623255,0.04191586921850088,0.035479688850475366,0.03247959470869688,0.03845614035087719,0.03843578411678039,0.03983253588516755,0.027800385844335862,0.042760463813095395,0.037672042058007005,0.0396643783371472,0.0381552195912378,0.04194167089750089,0.041466346153846145
0.019637064960112194,0.02990794921808171,0.028289982496845334,0.0,0.03143648763853368,0.019002189552705606,0.0256072010553271,0.03130374957000348,0.021739130434782594,0.021622344304535912,0.026121101752788478,0.03749999999999998,0.021613190730837784,0.02766798418972327,0.03117786121540822,0.03764581124072108,0.030193236714975757,0.02334267040149396,0.03143648763853368,0.030354449472096423,0.020356676816006947,0.026981732864085783,0.0259197324414715,0.02357948010121924,0.019318072056408675,0.0564373897707231,0.02703480011504167,0.029878618113912236,0.025362318840579712,0.025882352941176467,0.026541003141588138,0.0309247695509961,0.02667088340712631,0.024734706616729163,0.025326797385620936,0.027665317139001333,0.02269222295659845,0.020238095238095277,0.03798560173865795,0.031083906944323392,0.01880530973451333,0.026103194901148874,0.02417195207892875,0.016987179487179538,0.022412860344694252,0.02287581699346397,0.03149138443256094,0.03176300925369546,0.03234649122807021,0.025349717907102498,0.03130374957000348,0.021524399233377567,0.07692307692307698,0.03130374957000348,0.025326797385620936,0.02320316921335608,0.03143648763853368,0.03409090909090906,0.030184631885390223,0.03017518482802961,0.029651593773165286,0.03676470588235292,0.027840508537357644,0.02870084299115072,0.02911467617349972,0.0308765544434334,0.02350012144765612,0.03130374957000348,0.02992077192050635,0.02548824892419721,0.03143648763853368,0.02876670013128435,0.02891722978331901,0.033802470653309546,0.03130374957000348,0.03130374957000348,0.02979355645918047,0.03130374957000348,0.024425964999379435,0.025000000000000022,0.04115808793134801,0.03532450804007081,0.05015923566878977,0.033464681723135326,0.03143648763853368,0.029548905881014997,0.03281250000000002,0.03577898550724645,0.03369983757502448,0.030252100840336138,0.03319869706840395,0.03317834083430715,0.033695652173913127,0.028780000529226468,0.03662358010184097,0.035141329258976284,0.03440693505467396,0.03201833587998337,0.036684227615027654,0.033156966490299866
0.03596259648132849,0.0412628080864027,0.025660561362874534,0.03143648763853368,0.0,0.03442353109568452,0.031198395848077376,0.019157088122605415,0.038487599945792095,0.027825817972188305,0.024415535444947234,0.03535353535353536,0.04098557540359782,0.02098656581359193,0.039177983415454865,0.04815964523281602,0.03098495212038299,0.028117232808616333,0.020592526091347763,0.02534965034965031,0.03153153153153154,0.033844090182118425,0.015503875968992276,0.034093314093314175,0.03252016564284732,0.05464864548592829,0.028410496256155438,0.022007722007722053,0.02062129289852066,0.01579474027958372,0.020710059171597628,0.023335913312693468,0.02281399046104926,0.03336720867208676,0.021633850020946865,0.02434153899122049,0.03125,0.045099108928896126,0.036324786324786196,0.03592814371257491,0.028342245989304793,0.022453450164293565,0.029760556436461583,0.025000000000000022,0.028552036199094966,0.026818181818181852,0.04069815534783694,0.033935689609354225,0.05331215970961889,0.021088861076345444,0.016986959505833954,0.024530811290084276,0.0766906809202883,0.020446220446220464,0.025568181818181768,0.04838709677419356,0.016337462336792785,0.0336206896551724,0.024621212121212155,0.01905370843989762,0.02475372924289332,0.03665158371040711,0.022841898492248824,0.025974025974025983,0.01739359158297471,0.027124773960216952,0.034110097939885065,0.022113502935420692,0.0365675990675991,0.021207177814029365,0.021929824561403466,0.030120481927710885,0.014762272631505091,0.023985239852398532,0.015697503787548306,0.014791809233036801,0.018674429019256533,0.020689655172413834,0.0329153605015674,0.028509027373325613,0.026022304832713727,0.028449331700303504,0.05681818181818182,0.030701754385964897,0.019366572306943053,0.01968229368461838,0.03424657534246578,0.026937196724918677,0.0289927768860353,0.021036518696698092,0.0357142857142857,0.02794594913554027,0.03076923076923077,0.02134251715795188,0.036036036036036,0.035141329258976284,0.026806145799280756,0.02515090543259557,0.020957560939098396,0.041466346153846145
0.017142857142857237,0.021399333650642616,0.0242713334365805,0.019002189552705606,0.03442353109568452,0.0,0.02662037037037035,0.02278905400507425,0.017925053896276966,0.02324779249448128,0.021505376344086113,0.03749999999999998,0.02613711470287805,0.01911789367767902,0.039177983415454865,0.02274595779665667,0.021445783132530205,0.015292553191489366,0.02274509803921576,0.020196560196560243,0.02253401360544216,0.034075915186105754,0.026810866819933277,0.02097251585623683,0.0181244896107432,0.0564373897707231,0.024754098360655785,0.023563777994157764,0.021845537268815107,0.029698792002954,0.022876081157545802,0.02306818181818182,0.01816226783968722,0.03336720867208676,0.023669152072134603,0.024426877470355768,0.01821493624772319,0.02749999999999997,0.03798560173865795,0.029588455089187837,0.020976728941330736,0.021322778345250204,0.028165044530457317,0.025000000000000022,0.021260231032681265,0.021847690387016283,0.03409090909090917,0.033935689609354225,0.03234649122807021,0.02531229454306383,0.026821312069590375,0.033466750253170585,0.07692307692307698,0.025909090909090993,0.024553734061930843,0.03705704407951593,0.025909090909090993,0.03375370919881304,0.018915349004219095,0.01973401973401978,0.028301784337362523,0.03676470588235292,0.02479688557887605,0.03531373775276214,0.028357410379882264,0.03635582909897661,0.02704378148004649,0.03363010769410202,0.026840131270510992,0.031389087740048005,0.03149024246008281,0.03646757342795193,0.027403120848438434,0.028086059190031154,0.024637172284644127,0.03171269557912426,0.0375489939900705,0.027310924369747913,0.03127112914131169,0.03404326681200731,0.03866055588409234,0.0431480300279673,0.05681818181818182,0.04107123377331734,0.0337078651685393,0.04427823654167229,0.04160193648614474,0.03599495210233472,0.03718765721952044,0.04124256444150687,0.034164611309034365,0.03611694644130514,0.03353944163387679,0.03308823529411775,0.04295599329818356,0.03579020432953017,0.03507520361452954,0.034284388772906516,0.0449438202247191,0.041466346153846145
0.025882181393992343,0.023456790123456805,0.02383772377646176,0.0256072010553271,0.031198395848077376,0.02662037037037035,0.0,0.02483940894536929,0.031632460930145045,0.025691699604743157,0.023456790123456805,0.023456790123456805,0.03265944958914824,0.023456790123456805,0.038245792962774194,0.029268292682926855,0.026875520533025887,0.02777777777777779,0.026037828543355457,0.023456790123456805,0.023456790123456805,0.026699934038830975,0.03004778972520905,0.027291167250599213,0.028781709990604476,0.03880070546737213,0.025288403157255557,0.035290222404895655,0.029661016949152463,0.026473656755346853,0.02946127946127941,0.02483940894536929,0.02483940894536929,0.03336720867208676,0.027669888736384096,0.02483940894536929,0.026249999999999996,0.036772983114446545,0.026747608535687917,0.02636331984158069,0.02956784402567536,0.02860586383313657,0.03910903910903907,0.029370629370629397,0.028736904234912153,0.029864765930407544,0.03409090909090917,0.03245965861393518,0.04475421863536322,0.03457155380232302,0.027291167250599213,0.030589990817263546,0.052206052206052234,0.031582054309327035,0.03249158249158246,0.0348627529553196,0.032651072124756264,0.023456790123456805,0.02569581415735256,0.02899327899327897,0.03892996955197914,0.030913501360785633,0.028997781329770822,0.042175417175417174,0.03637491066548948,0.04286448015261568,0.03517483964411339,0.03669398871156604,0.032726742954015675,0.03378921962992765,0.037083076056459996,0.04044141832774162,0.03774682553001063,0.05211098470484132,0.029628546358584362,0.037647857281365105,0.03519548880240997,0.027932299680435535,0.03851983656254121,0.039511922167469904,0.05633096150337524,0.04580896686159841,0.05681818181818188,0.05047728121982109,0.03910954975623748,0.04105310129406514,0.042446524064171154,0.04745370370370372,0.045454545454545525,0.0445488746444348,0.04513526065250206,0.04804332634521313,0.045370370370370394,0.04044845520418794,0.04829829829829824,0.043209876543209846,0.05154445943919628,0.04369305407644064,0.05092592592592593,0.042446524064171154
0.030480295566502447,0.02962833099579243,0.015320601728368688,0.03130374957000348,0.019157088122605415,0.02278905400507425,0.02483940894536929,0.0,0.0351090288622824,0.022075222075222056,0.021505376344086113,0.03749999999999998,0.04279867641936608,0.018938075499161378,0.039177983415454865,0.042893187552565215,0.019887930784194263,0.017979086641058406,0.015539617486338808,0.020137299771167072,0.027732060566161953,0.03131332360344352,0.015381274969602288,0.030540457388985698,0.029556650246305383,0.0564373897707231,0.019456012493492936,0.02262003210585195,0.014522042583267059,0.015546085858585856,0.019356666247009935,0.021276595744680882,0.017491254372813514,0.03579223046704494,0.016759776536312887,0.017251051893408142,0.03125,0.037116858237547845,0.03798560173865795,0.02476655883635026,0.021276595744680882,0.015504708704837555,0.025672603258810156,0.022783687943262354,0.025398108237547845,0.021784448613716978,0.03409090909090917,0.033935689609354225,0.04823078656750057,0.021276595744680882,0.01689306861720652,0.021276595744680882,0.07692307692307698,0.02284119389382555,0.020000000000000018,0.037107316044697414,0.023106003685571697,0.03409090909090906,0.019670388091440727,0.017857142857142905,0.021065072302558385,0.03676470588235292,0.01981707317073178,0.0294757142046852,0.01970264442174552,0.027302007766171976,0.028188286808976448,0.02544808773182472,0.024512919415284218,0.026348592306039142,0.022293597874993187,0.02934545198337213,0.02840395922806116,0.03254706594737422,0.022026431718061623,0.02285075194586217,0.021590909090909105,0.022756480046452254,0.02597979797979799,0.026715430163706033,0.03676704274590814,0.03215171336917433,0.05681818181818182,0.03339072127582465,0.02659661127403068,0.02840395922806116,0.029840583193142756,0.028512998918715615,0.03191667714489288,0.0267926196000442,0.02782236490101664,0.030721966205837226,0.02966314731020614,0.02775609332986384,0.03427128427128423,0.035141329258976284,0.03404833463707857,0.02775609332986384,0.03136200716845883,0.041466346153846145
0.024456521739130377,0.03556265956908211,0.03387949414410474,0.021739130434782594,0.038487599945792095,0.017925053896276966,0.031632460930145045,0.0351090288622824,0.0,0.021622344304535912,0.03330778342972618,0.03749999999999998,0.02673273201993831,0.023181962527786593,0.039177983415454865,0.027560197272991083,0.028981055471342776,0.03230790841410314,0.0328669966096411,0.034870138793458905,0.020356676816006947,0.029125142499908052,0.03726291803498416,0.022349936143039595,0.02628710928985578,0.0564373897707231,0.031203184522535676,0.03709251779726863,0.029549466574564365,0.034847590953785645,0.029268394736291614,0.03787056078005502,0.03563612141973549,0.03336720867208676,0.034292035398230114,0.03183370154649534,0.020221557939159474,0.02528860028860036,0.03798560173865795,0.03365252393929541,0.02264377642736659,0.030734800447594246,0.029313543599257863,0.025000000000000022,0.02658124475218826,0.02991521356582938,0.03409090909090917,0.033935689609354225,0.03234649122807021,0.029518102314596506,0.03787056078005502,0.03753081910327816,0.07147719537100072,0.03787056078005502,0.034292035398230114,0.041121112929623505,0.03787056078005502,0.035088213742179186,0.022509692222486,0.03239111514738713,0.033819978180659294,0.03676470588235292,0.03680574654996682,0.034332688588007754,0.032421479229989836,0.046807880314027495,0.031916599839615034,0.03787056078005502,0.02924719234890283,0.03675048355899413,0.035932455345736636,0.04084285421085032,0.03371064004939295,0.03787056078005502,0.03787056078005502,0.041583625100996446,0.04161306284017807,0.03787056078005502,0.03390957446808507,0.03810733566211488,0.049112607099143224,0.05218787635487754,0.05681818181818182,0.04513530262342491,0.03343735224586286,0.04834230539177986,0.047526018541540815,0.03731629743364773,0.04505087881591119,0.04530663329161444,0.04178483645301567,0.040181015291412714,0.04341085271317824,0.03463631865413164,0.05118049798900859,0.04624225554458106,0.04194794780199751,0.038969201759899375,0.050489156461654194,0.041466346153846145
0.02250960351810327,0.020804438280166426,0.021622344304535912,0.021622344304535912,0.027825817972188305,0.02324779249448128,0.025691699604743157,0.022075222075222056,0.021622344304535912,0.0,0.022575250836120442,0.022075222075222056,0.03652507315104425,0.021622344304535912,0.039177983415454865,0.03017510944340218,0.024597495527728164,0.02440519990188872,0.0262932595739076,0.021622344304535912,0.02369925671812456,0.023768476838106123,0.02667521184931998,0.026685070163331104,0.027092001849283398,0.0564373897707231,0.024690100186788966,0.031917644529006584,0.02672955974842761,0.027564828527455898,0.02608870158539034,0.022075222075222056,0.022075222075222056,0.03294503094284673,0.027645310664178524,0.021622344304535912,0.021472824556462933,0.032390510948905105,0.01898839137645103,0.02299074196569162,0.030062893081761022,0.02672955974842761,0.03733562035448823,0.02422145328719727,0.032312569676700154,0.026933308729682692,0.02590447724017686,0.024700441454698296,0.03421052631578947,0.031198975926433947,0.024956510103037566,0.028311965811965822,0.06410256410256421,0.02930402930402931,0.02911900461569339,0.030459330956019715,0.02939119703825588,0.022075222075222056,0.02389277389277389,0.0256207011173899,0.036651944546681414,0.027540923484896562,0.02626948215183511,0.03412356321839083,0.03300233278960041,0.03993302295189083,0.031802261768224316,0.03489949438895057,0.03044871794871795,0.0281598914317438,0.036090290342034925,0.03706884045185255,0.03481536832928578,0.04873840682895225,0.03332484292749194,0.03568272779250481,0.03226403160168512,0.025927286081527723,0.035206847016501897,0.0372252603048262,0.05295838362748617,0.04653684026234628,0.052069199457259185,0.04819925621452337,0.03172839506172842,0.03768052341817607,0.04137529137529139,0.04408112582781465,0.04666642973914281,0.04161741744370995,0.04264716274468239,0.045546764049502975,0.04199779249448132,0.04191839390277907,0.04504582610849639,0.039837298667320775,0.048171881563307206,0.04032047620055157,0.04755334805003686,0.039394374282433975
0.021505376344086113,0.021460423634336645,0.012158054711246202,0.026121101752788478,0.024415535444947234,0.021505376344086113,0.023456790123456805,0.021505376344086113,0.03330778342972618,0.022575250836120442,0.0,0.027956989247311714,0.03454937424755711,0.02026975827839661,0.039177983415454865,0.037367104440275134,0.02204656254375581,0.02135807924583899,0.021505376344086113,0.01770007080028324,0.021913528120249937,0.017538343290360858,0.021505376344086113,0.02765676567656772,0.02197422520125769,0.0564373897707231,0.014654145544197972,0.022285643544657452,0.021505376344086113,0.019774537180680563,0.021437578814628044,0.022624434389140302,0.021505376344086113,0.03336720867208676,0.021505376344086113,0.021505376344086113,0.030265748031496065,0.038662907772855415,0.03351254480286725,0.027511905323211905,0.021360457724094117,0.021505376344086113,0.02764684653156746,0.022624434389140302,0.02241128864909736,0.01927616050354053,0.029220779220779147,0.033935689609354225,0.04642954113494435,0.022624434389140302,0.016816758658532716,0.022624434389140302,0.058726220016542596,0.02284119389382555,0.01982560167422398,0.03784607569215148,0.021505376344086113,0.023508137432188048,0.020606060606060628,0.021505376344086113,0.02222743075901401,0.033839342188488164,0.023508137432188048,0.02687160405082567,0.024661042997165428,0.03033344485335121,0.027673896783844354,0.02679820363689911,0.01955072691964521,0.02486110555977461,0.02438805299797886,0.030120481927710885,0.027693651718113,0.03138474244834999,0.026169657379134348,0.026251845885353786,0.02705471986047525,0.024106557790211203,0.025442335012269224,0.026161699998863086,0.03560471924688391,0.036118075294464314,0.05681818181818182,0.031101375192591707,0.029404466501240734,0.03188666729839851,0.032398421325051774,0.030024509803921573,0.03271115085130949,0.029978302796528467,0.030056917249534076,0.0340458194023443,0.031999466931833975,0.028949065119277972,0.03690228690228692,0.035141329258976284,0.03284771852666302,0.03182987893527234,0.03180394096792816,0.041466346153846145
0.026234567901234573,0.017857142857142794,0.03516483516483515,0.03749999999999998,0.03535353535353536,0.03749999999999998,0.023456790123456805,0.03749999999999998,0.03749999999999998,0.022075222075222056,0.027956989247311714,0.0,0.03749999999999998,0.03618421052631582,0.029299363057324834,0.03749999999999998,0.033415841584158446,0.03749999999999998,0.03749999999999998,0.03749999999999998,0.024722838137472336,0.022167487684729092,0.03749999999999998,0.037209302325581284,0.03749999999999998,0.0564373897707231,0.03695652173913033,0.03749999999999998,0.03749999999999998,0.02731540759709772,0.03431952662721893,0.03749999999999998,0.03749999999999998,0.02777777777777779,0.032480314960629864,0.03749999999999998,0.03490566037735843,0.030307262569832405,0.019583333333333397,0.03575156576200422,0.036601307189542465,0.03472222222222221,0.03749999999999998,0.029166666666666563,0.03125,0.0373983739837398,0.03409090909090917,0.024611191277857936,0.04579041648007165,0.037209302325581284,0.031775700934579376,0.032061068702289974,0.04807692307692313,0.02813852813852813,0.03749999999999998,0.03615702479338845,0.03749999999999998,0.02315844078849849,0.03700440528634363,0.036206896551724155,0.035377358490566,0.031099736311462678,0.028846153846153855,0.03528592970653055,0.03749999999999998,0.03495145631067953,0.03716216216216217,0.03749999999999998,0.028233303584709213,0.03749999999999998,0.03749999999999998,0.03749999999999998,0.033333333333333326,0.03749999999999998,0.03749999999999998,0.035997732426303886,0.03516560958421422,0.031594618438464894,0.035447761194029814,0.03682572614107882,0.03956419473660855,0.04150235984297124,0.0434782608695653,0.03868784936746106,0.03512820512820514,0.04189485213581601,0.03921855208028846,0.03749999999999998,0.03776764472640759,0.03885918003565059,0.033874198519633136,0.03653846153846152,0.03522235340417157,0.03749999999999998,0.0413103231131875,0.03749999999999998,0.03749999999999998,0.03644967907992058,0.04292929292929293,0.037703410216499256
0.022931467583103382,0.03197346132128731,0.032185771939254204,0.021613190730837784,0.04098557540359782,0.02613711470287805,0.03265944958914824,0.04279867641936608,0.02673273201993831,0.03652507315104425,0.03454937424755711,0.03749999999999998,0.0,0.03663738222561741,0.039177983415454865,0.027112200982854273,0.0334535505534137,0.030014310461700666,0.041135335252982186,0.033943146636644994,0.024262899262899373,0.03109526638938409,0.03434800493624013,0.02055248618784533,0.019157088122605415,0.0564373897707231,0.032675764133564544,0.03032963524622867,0.04162451221274743,0.03610217216411915,0.038228195542094445,0.029790423789063603,0.026076706342360922,0.03336720867208676,0.029916952118090534,0.03472714386959597,0.031311567689276565,0.01852984482953912,0.03798560173865795,0.02329004329004336,0.023904805751319147,0.027293967714528522,0.021816525914886586,0.024732620320855547,0.02321555534946984,0.024732620320855547,0.03409090909090917,0.03862150920974439,0.03234649122807021,0.032711343725110864,0.03735477015798905,0.03273405698778842,0.07692307692307698,0.039290853252582414,0.02963148252060266,0.020178483966694527,0.03997652275987995,0.03899679615538654,0.044072242962365005,0.044910817385845014,0.030810684161199697,0.03805557487653899,0.03901842462329508,0.02894575494530327,0.038475935828877095,0.03862150920974439,0.0225637181409295,0.04645721925133689,0.024732620320855547,0.03967304625199364,0.04645721925133689,0.02439928698752225,0.03598682339558257,0.04645721925133689,0.03928209673335026,0.0449380997729103,0.0382218289539491,0.0462843444587866,0.029972141278939324,0.027340234023402354,0.04082172923174665,0.041036968146942465,0.05681818181818182,0.03141711229946531,0.046457219251336945,0.04286027477345811,0.03758308761057516,0.04645721925133689,0.03104155372757922,0.042008254253467436,0.0331818181818182,0.03577441077441079,0.03306595365418885,0.03033778148457056,0.0437109187109187,0.04645721925133689,0.03104155372757922,0.03687858138454392,0.0397002578613086,0.041466346153846145
0.02232354079745369,0.0259571706683972,0.014741904312456477,0.02766798418972327,0.02098656581359193,0.01911789367767902,0.023456790123456805,0.018938075499161378,0.023181962527786593,0.021622344304535912,0.02026975827839661,0.03618421052631582,0.03663738222561741,0.0,0.039177983415454865,0.03324622531939603,0.016636052433831483,0.01439277806165895,0.01866215975805019,0.01992110453648921,0.02358084736537147,0.024577886710239638,0.018076126771778944,0.022694079316930793,0.022330097087378653,0.0564373897707231,0.017312823732538063,0.01939746397482378,0.019582689165926537,0.018748772986061146,0.018269230769230815,0.019323671497584516,0.016440704378993254,0.03336720867208676,0.01758241758241752,0.01993989945797181,0.01663368202808413,0.03894927536231885,0.03798560173865795,0.026598975961121263,0.020976728941330736,0.024225442552135767,0.027272727272727226,0.0208597603946441,0.023218950117964265,0.01843996700836581,0.03409090909090917,0.033935689609354225,0.03565980167810834,0.020338417937817765,0.019323671497584516,0.02159789288849867,0.07451923076923084,0.02265607199817732,0.021679733903540055,0.03693314633006084,0.02004399144954916,0.03409090909090906,0.02039197915486579,0.017540152155536837,0.027187630179617228,0.03676470588235292,0.021250056019479824,0.03658661740558289,0.021833588413154636,0.029870129870129825,0.029761904761904656,0.025291510692310948,0.024512919415284218,0.028858836659854115,0.02602739726027392,0.025860452658363453,0.02780591036202862,0.03621822627476945,0.02423122336875605,0.026976980868041123,0.025254573634427957,0.024667640052255413,0.03136952189063191,0.029735150845306868,0.04043820307330337,0.03887049449514124,0.05681818181818182,0.03706188160321988,0.03316095669036845,0.03322259136212624,0.0387124761408989,0.0387124761408989,0.0387124761408989,0.031554947560419544,0.03401485847608521,0.0387124761408989,0.03130688023298145,0.03185550082101807,0.039047924440298476,0.035141329258976284,0.0387124761408989,0.0363765731311424,0.035033167495854056,0.041466346153846145
0.039177983415454865,0.03683074381046292,0.039177983415454865,0.03117786121540822,0.039177983415454865,0.039177983415454865,0.038245792962774194,0.039177983415454865,0.039177983415454865,0.039177983415454865,0.039177983415454865,0.029299363057324834,0.039177983415454865,0.039177983415454865,0.0,0.039177983415454865,0.039177983415454865,0.03393055335341688,0.039177983415454865,0.0360002239516265,0.039177983415454865,0.039177983415454865,0.039177983415454865,0.039177983415454865,0.039177983415454865,0.05641492265696091,0.039177983415454865,0.039177983415454865,0.039177983415454865,0.03449416825213003,0.039177983415454865,0.039177983415454865,0.039177983415454865,0.024734706616729163,0.039177983415454865,0.039177983415454865,0.039177983415454865,0.039177983415454865,0.0237438075017693,0.039177983415454865,0.039177983415454865,0.039177983415454865,0.039177983415454865,0.039177983415454865,0.039177983415454865,0.039177983415454865,0.039177983415454865,0.026234567901234573,0.05326485693323557,0.031848242255482107,0.026400812332687096,0.03372014054979777,0.07402031930333819,0.039177983415454865,0.039177983415454865,0.04214138641043241,0.039177983415454865,0.03611754487550667,0.039177983415454865,0.039177983415454865,0.039177983415454865,0.025210084033613467,0.022382737682872245,0.039177983415454865,0.039177983415454865,0.03980274744628387,0.038823172581134324,0.039177983415454865,0.039177983415454865,0.0267379679144385,0.039177983415454865,0.039177983415454865,0.039177983415454865,0.04483906770255275,0.039177983415454865,0.03492454573452419,0.039177983415454865,0.03757383328941355,0.039177983415454865,0.039177983415454865,0.05219468498059121,0.0430856553147575,0.0434782608695653,0.04450127877237853,0.039177983415454865,0.039177983415454865,0.039177983415454865,0.04473039215686281,0.04409730697258152,0.039177983415454865,0.04241194910566115,0.044214937883550354,0.04264705882352948,0.039177983415454865,0.04632658042470106,0.040486564996368934,0.04544353210391716,0.04096974252959973,0.047720824664270856,0.03367433930093777
0.024955436720142665,0.02444444444444449,0.03150892752946666,0.03764581124072108,0.04815964523281602,0.02274595779665667,0.029268292682926855,0.042893187552565215,0.027560197272991083,0.03017510944340218,0.037367104440275134,0.03749999999999998,0.027112200982854273,0.03324622531939603,0.039177983415454865,0.0,0.03006239364719232,0.026623153555479284,0.037744178346760804,0.030551989730423612,0.03384146341463412,0.03816993464052287,0.04186385147433569,0.023627075351213223,0.03254079400796217,0.0564373897707231,0.029284607227343162,0.03263096283289435,0.03823335530652605,0.04895429001795959,0.03724013750204613,0.029020995975367336,0.03823335530652605,0.03336720867208676,0.028376470103177676,0.0328279499011207,0.03434146341463418,0.02591463414634143,0.03798560173865795,0.038264933547539015,0.03270509977827052,0.04406873614190687,0.037483424193310744,0.033235538818583876,0.03300813008130088,0.028815353892753248,0.042401298953424815,0.04107830551989733,0.02920410783055194,0.03595349424996841,0.04057223264540344,0.0403377110694183,0.0707692307692308,0.046603930606235244,0.03868092691622105,0.04002125325654737,0.03658536585365857,0.03576454033771104,0.04068108605614362,0.04199363732767769,0.04172680991069011,0.04677436384753464,0.038940741392973544,0.045150987224158,0.03938959175688017,0.04701426024955435,0.035564570655848504,0.05207442796077444,0.042727379465667625,0.047674796747967485,0.04331116038433114,0.04343563512361459,0.038907726389077246,0.048515376458112436,0.047383130081300795,0.05273415747856114,0.04051320316710194,0.04634146341463419,0.03535465085532441,0.0403377110694183,0.05090182005816679,0.05156004007442394,0.05681818181818182,0.05164992826398851,0.05211924119241196,0.04757304998792555,0.0537573132740673,0.047879924953095676,0.04635864097206088,0.05083125933300148,0.043778257841366575,0.04311565696302122,0.048988045317774565,0.05057059744909376,0.051099227569815775,0.049399220967848434,0.04634146341463419,0.05066649618003394,0.04938929678857806,0.04318960095045077
0.025731850117096,0.018430649372176866,0.02072110541759742,0.030193236714975757,0.03098495212038299,0.021445783132530205,0.026875520533025887,0.019887930784194263,0.028981055471342776,0.024597495527728164,0.02204656254375581,0.033415841584158446,0.0334535505534137,0.016636052433831483,0.039177983415454865,0.03006239364719232,0.0,0.018187830687830697,0.02327471753325927,0.017413688673531214,0.030364702051449033,0.03328690310368232,0.025936390639715978,0.01858004183585582,0.024808204796898936,0.0564373897707231,0.018254171417933063,0.028692307124345673,0.021059248782021034,0.022382356152418348,0.02286336418072943,0.02131374117989382,0.017494238424471065,0.03139338324076313,0.026470867788233043,0.02227261723015206,0.02148394241417506,0.03756708407871201,0.02883148950591885,0.035595475715236136,0.017824183937140803,0.021035721035721044,0.026393814313121378,0.023292349726776074,0.02213898895436217,0.018534708865186156,0.03409090909090917,0.023148793752614694,0.046742495625252345,0.027973638521773037,0.01967727476467951,0.029561928774030855,0.0748059280169373,0.02286336418072943,0.027795767507277747,0.045011252813203284,0.026053156844206282,0.033415841584158446,0.0214710034897041,0.02239536371272899,0.0342648135562057,0.026062900407687883,0.017585301837270362,0.02920740330812277,0.029776995384939497,0.03673361522198726,0.03174603174603163,0.02928041192232922,0.03096990731911975,0.026448278736350805,0.033203734710673394,0.033843503047191636,0.03347135955831604,0.025596021646921097,0.022829019761535174,0.031049942000815123,0.03564745508982037,0.0304988662131519,0.03348090758162703,0.03229097360833888,0.0406211750305997,0.040807371654234315,0.05051755175517558,0.03453315239568411,0.03100775193798455,0.03696180069113664,0.03671466174481164,0.0357908037136736,0.037581978899344226,0.033926128590971216,0.03409262255504075,0.03913613295410179,0.036200785612585995,0.03035870799028695,0.04033181122664131,0.037752037752037726,0.03703703703703709,0.03709513879589066,0.0396983810157463,0.03784272658035037
0.01678818643285651,0.020314547837483654,0.0187689895128883,0.02334267040149396,0.028117232808616333,0.015292553191489366,0.02777777777777779,0.017979086641058406,0.03230790841410314,0.02440519990188872,0.02135807924583899,0.03749999999999998,0.030014310461700666,0.01439277806165895,0.03393055335341688,0.026623153555479284,0.018187830687830697,0.0,0.022178318781467032,0.01666666666666672,0.02297983262450265,0.030142955203390387,0.022497787798344215,0.02309536216779573,0.018698812171177526,0.0564373897707231,0.01666666666666672,0.019548872180451204,0.023041572699034063,0.02247807017543868,0.02176696542893719,0.015901862789641008,0.017848470131131555,0.03209617180205415,0.01849797414624732,0.017756083757781482,0.0267857142857143,0.034127843986998974,0.03798560173865795,0.026988276967192415,0.01868386243386244,0.021486482747170577,0.02572554908954383,0.021650326797385544,0.02149850149850152,0.015937298517085807,0.03409090909090917,0.033935689609354225,0.04542966611932131,0.02135774218154074,0.01879850531761995,0.026728586171310575,0.07692307692307698,0.025470550642175294,0.025286368227633194,0.039544784673325784,0.023307747043950888,0.03409090909090906,0.020151210292055355,0.021463375548978703,0.030439214232764966,0.03676470588235292,0.024892367906066526,0.032688588007736885,0.02265638587744212,0.028779290597791163,0.027480525611771167,0.028928571428571415,0.024512919415284218,0.027021840961679477,0.025638420375262427,0.02631578947368418,0.023932987634623037,0.028661516976520862,0.02474305291206702,0.026600106970939508,0.03167991922251667,0.026622616835294988,0.029532526192457276,0.029856280378201094,0.034408203607610544,0.03557149152678185,0.05681818181818182,0.03343675364389187,0.03310616386490983,0.035778031628172724,0.034226158332433365,0.03451618912145227,0.03451618912145227,0.030487525749599453,0.03217786277791057,0.034226158332433365,0.03169014084507038,0.031064085421390275,0.036036036036036,0.035141329258976284,0.03325614217788686,0.034408203607610544,0.03567004891963921,0.041466346153846145
0.026583938660209805,0.026721851643494388,0.016972243442831658,0.03143648763853368,0.020592526091347763,0.02274509803921576,0.026037828543355457,0.015539617486338808,0.0328669966096411,0.0262932595739076,0.021505376344086113,0.03749999999999998,0.041135335252982186,0.01866215975805019,0.039177983415454865,0.037744178346760804,0.02327471753325927,0.022178318781467032,0.0,0.019447192678703873,0.03153153153153154,0.03397473985709276,0.020081775203373176,0.0318903983421599,0.027574006008937113,0.0564373897707231,0.02454651023104948,0.023517137102398666,0.019477702585459,0.01730254898750072,0.020710059171597628,0.019851434426229497,0.01899880232690776,0.03336720867208676,0.016759776536312887,0.017714285714285793,0.027217741935483875,0.04524886877828049,0.03798560173865795,0.03592814371257491,0.022435897435897356,0.01695910638093867,0.024062513362124283,0.02454111600587372,0.023039769807830623,0.024390243902439046,0.03409090909090917,0.033935689609354225,0.050628436763550666,0.02279846849982603,0.02133534136546178,0.023192859233245544,0.07692307692307698,0.023766921167267863,0.023180197189007767,0.04822896900695772,0.024890538739767765,0.03409090909090906,0.024621212121212155,0.01899880232690776,0.02532051282051284,0.03676470588235292,0.024490188534051605,0.03125,0.02460182536299249,0.030752973690627794,0.03448275862068961,0.024490188534051605,0.024512919415284218,0.025390625,0.021754385964912304,0.02866833302524463,0.023644357596482646,0.037373004354136374,0.022539343825019986,0.025874771978868116,0.024490188534051605,0.02401620370370372,0.027644230769230727,0.028509027373325613,0.044557876200878255,0.03452380952380962,0.05681818181818182,0.035965094481005266,0.026675404742833475,0.029280015991568153,0.03424657534246578,0.03568061840120673,0.03452380952380962,0.027828054298642546,0.033362175350005074,0.036270241042716145,0.033597285067873406,0.0279815369261478,0.03652521299580125,0.03143679124071286,0.03797746875550079,0.03191996877394365,0.03915284062342894,0.041466346153846145
