0.0,0.3632543103448276,0.39508547008546996,0.9155610187466422,0.6995021163423467,0.36654455536221275,0.36792452830188677,0.4015957446808511,0.3679245283018869,0.36376586376586384,0.3728908886389201,0.3535459017915159,0.3815369676792899,0.32817930893477815,0.322463768115942,0.39851912015042457,0.9028255447918481,0.3792796733741617,0.37643176398535333,0.235840280072956,1.482397732364348,1.4324567051609296,1.7490984270061831,1.8205571328367678,1.6769283804708977,1.801527104264953,1.829351288953761,1.473386088474563,0.405851514343523,1.8883093823879953,0.3811960098724805,1.9882055573197597,0.3124495560936238,1.4515721397607249,1.7721967572873187,0.40601503759398505,1.6393498769553616,0.34739780868099457,0.3347639484978541,1.8443048772257877,1.4364621180865618,1.4156602337967765,1.4277083333333331,1.4091174127191073,1.4519805359809002,1.4247999252916361,1.4397987812261839,1.4236396987137019,1.4480467379494708,1.4361134281816519,1.3614356992758703,1.4435914506382332,1.395530410895859,1.4640903486344345,1.4901461191875252,1.4368089456426725,1.4882590002618445,1.4772271816035616,1.4457132573226865,1.4685284394402147,1.4449497613173685,1.4447296072275948,1.4272776140059003,1.43687863323467,1.436701552475966,1.4243739691028074,1.4455361057329101,1.4114844723435798,1.4425065651048856,1.4352229568115247,1.4001787722791537,1.467622589261525,1.40432835601756,1.413856009200839,1.4129682275481794,1.3955704522541306,1.4091945903692789,1.503409809326827,1.4400945256706539,1.4347250108122094,1.4258448254877727,1.3905711985863651,1.419825018276547,1.4369213005666779,1.4324186980452074,1.4209454540288529,1.4512693524911058,1.4545991793748696,1.4472829910601381,1.4453554388994034,1.4228597078492153,1.3252271350070604,1.398900037918432,1.4224388131557466,1.4423103264543393,1.4516645536075556,1.4357105825386656,1.4254802577242696,1.4466508943938952,1.3828367693735468
0.3632543103448276,0.0,0.38230919598844126,0.9052316013887372,0.6891726989844416,0.38979591836734706,0.39021739130434796,0.3915482954545455,0.3905683474682289,0.3265306122448981,0.3967947865407635,0.3819222482657385,0.3289772727272728,0.3693648456806352,0.36734693877551017,0.38421926657220795,0.8924961274339428,0.33582089552238814,0.3293273044581946,0.36111111111111116,1.482397732364348,1.4324567051609296,1.7490984270061831,1.8205571328367678,1.6769283804708977,1.801527104264953,1.829351288953761,1.473386088474563,0.39891833587915304,1.8883093823879953,0.3643889909900346,1.9882055573197597,0.3660033842258907,1.4515721397607249,1.7721967572873187,0.3945578231292517,1.6393498769553616,0.3802683345102391,0.37254901960784315,1.8443048772257877,1.4364621180865618,1.4156602337967765,1.4277083333333331,1.4091174127191073,1.4519805359809002,1.4247999252916361,1.4397987812261839,1.4236396987137019,1.4480467379494708,1.4361134281816519,1.3614356992758703,1.4435914506382332,1.395530410895859,1.4640903486344345,1.4901461191875252,1.4368089456426725,1.4882590002618445,1.4772271816035616,1.4457132573226865,1.4685284394402147,1.4449497613173685,1.4447296072275948,1.4272776140059003,1.43687863323467,1.436701552475966,1.4243739691028074,1.4455361057329101,1.4114844723435798,1.4425065651048856,1.4352229568115247,1.4001787722791537,1.467622589261525,1.40432835601756,1.413856009200839,1.4129682275481794,1.3955704522541306,1.4091945903692789,1.503409809326827,1.4400945256706539,1.4347250108122094,1.4258448254877727,1.3905711985863651,1.419825018276547,1.4369213005666779,1.4324186980452074,1.4209454540288529,1.4512693524911058,1.4545991793748696,1.4472829910601381,1.4453554388994034,1.4228597078492153,1.3252271350070604,1.398900037918432,1.4224388131557466,1.4423103264543393,1.4516645536075556,1.4357105825386656,1.4254802577242696,1.4466508943938952,1.3828367693735468
0.39508547008546996,0.38230919598844126,0.0,0.8898105380615295,0.6737516356572338,0.4030396327810122,0.4032319431451669,0.3727654716797823,0.4032482996846104,0.387856929029299,0.4055865921787709,0.3996728462377318,0.3798887758069207,0.39653940277795097,0.3961424332344214,0.32628854889876274,0.8770750641067353,0.3743654822335025,0.3758314855875833,0.39484221159346206,1.482397732364348,1.4324567051609296,1.7490984270061831,1.8205571328367678,1.6769283804708977,1.801527104264953,1.829351288953761,1.473386088474563,0.37564766839378244,1.8883093823879953,0.37254901960784315,1.9882055573197597,0.39605115758028386,1.4515721397607249,1.7721967572873187,0.35937499999999994,1.6393498769553616,0.39883913764510787,0.397163120567376,1.8443048772257877,1.4364621180865618,1.4156602337967765,1.4277083333333331,1.4091174127191073,1.4519805359809002,1.4247999252916361,1.4397987812261839,1.4236396987137019,1.4480467379494708,1.4361134281816519,1.3614356992758703,1.4435914506382332,1.395530410895859,1.4640903486344345,1.4901461191875252,1.4368089456426725,1.4882590002618445,1.4772271816035616,1.4457132573226865,1.4685284394402147,1.4449497613173685,1.4447296072275948,1.4272776140059003,1.43687863323467,1.436701552475966,1.4243739691028074,1.4455361057329101,1.4114844723435798,1.4425065651048856,1.4352229568115247,1.4001787722791537,1.467622589261525,1.40432835601756,1.413856009200839,1.4129682275481794,1.3955704522541306,1.4091945903692789,1.503409809326827,1.4400945256706539,1.4347250108122094,1.4258448254877727,1.3905711985863651,1.419825018276547,1.4369213005666779,1.4324186980452074,1.4209454540288529,1.4512693524911058,1.4545991793748696,1.4472829910601381,1.4453554388994034,1.4228597078492153,1.3252271350070604,1.398900037918432,1.4224388131557466,1.4423103264543393,1.4516645536075556,1.4357105825386656,1.4254802577242696,1.4466508943938952,1.3828367693735468
0.9155610187466422,0.9052316013887372,0.8898105380615295,0.0,0.28472222222222227,0.867044508692323,0.9451534004963119,0.9416228157829355,0.9290957674365545,0.911244623251671,0.9344116095155147,0.901627136606741,0.9256533130963013,0.9326203545748034,0.8924883358582257,0.9275241487848997,0.30476334514447045,0.9384908073234328,0.932048587143206,0.8956000153126165,1.0914722142594646,0.999454729300775,1.635255509364418,1.7626434517176877,1.4784807245488103,1.737663269007264,1.7681750263630223,1.0281744499660295,0.9339703832226263,1.8883093823879953,0.9037542891892372,1.9882055573197597,0.9402317239990973,1.0384594246061631,1.6536797432908452,0.9430765711523436,1.3520610912551116,0.9174167353082376,0.9437503478291873,1.738519361377021,0.9695761718081104,1.4019387716059626,0.9931204076391729,1.4029252816069215,1.381391424377438,1.357533942511537,1.423072972094622,1.3961315880717762,1.3729534749293606,1.41963465074608,1.3429211508872396,1.3519865556134363,1.355147768911244,1.40739086582388,1.4111775568672122,1.3656593968733184,1.4136921583852957,1.4525058912302327,1.387634029602831,1.4123729045363076,1.3734739153952749,1.424978842157922,1.4266448289454012,0.9980498739476145,1.3940519785833767,1.4020019714800247,1.3339264656911718,1.3611246300757567,1.4297816567906523,1.4278469535417713,1.3822404970410878,1.4557472367209368,1.3952050267552174,1.3711888477959095,1.4089575093776046,1.026584271611633,1.4057832784014561,1.4042663687347225,1.4022823361024006,1.4341725334509756,1.0276370929417495,1.0203643533761408,1.3630323596844356,1.0262799443415127,1.402010666844804,1.0291598292140747,1.4213572030754942,1.0321619233660897,1.4344975468566423,1.399793266603964,1.420592768888652,1.0092605217011814,1.0322694100830594,1.3450682525276974,1.3487547182046762,1.4287133313285072,1.4158168288798607,1.0269833628776228,1.0268571731551766,1.3627525087419015
0.6995021163423467,0.6891726989844416,0.6737516356572338,0.28472222222222227,0.0,0.6509856062880275,0.7390253624049827,0.72556391337864,0.7130368650322589,0.6951857208473755,0.7183527071112192,0.6855682342024453,0.7095944106920058,0.7165614521705079,0.6764294334539303,0.7114652463806042,0.30217193433978845,0.7224319049191371,0.7159896847389104,0.6795411129083209,1.3075311166637602,1.2155136317050705,1.7490984270061831,1.8205571328367678,1.6769283804708977,1.801527104264953,1.829351288953761,1.2442333523703253,0.7179114808183307,1.8883093823879953,0.6876953867849416,1.9882055573197597,0.7241728215948017,1.2545183270104587,1.7721967572873187,0.7270176687480481,1.5681199936594075,0.7013578329039419,0.7276914454248916,1.8443048772257877,1.1856350742124058,1.4019387716059626,1.2091793100434682,1.4029252816069215,1.381391424377438,1.357533942511537,1.4230729720946218,1.3961315880717762,1.3729534749293606,1.41963465074608,1.3429211508872396,1.3519865556134363,1.3551477689112439,1.4073908658238798,1.411177556867212,1.3656593968733186,1.4136921583852957,1.4525058912302327,1.3876340296028309,1.4123729045363076,1.3734739153952749,1.424978842157922,1.426644828945401,1.2099975162733285,1.3940519785833767,1.4020019714800245,1.3339264656911716,1.3611246300757567,1.4297816567906523,1.4278469535417713,1.3822404970410878,1.4557472367209368,1.3952050267552174,1.3711888477959095,1.4089575093776043,1.0756254234121339,1.4057832784014561,1.4042663687347225,1.4022823361024006,1.4341725334509758,1.1589239003860654,1.0764810285464446,1.3630323596844354,1.16960048920998,1.4020106668448038,1.121808223829782,1.421357203075494,1.205563042942868,1.4344975468566423,1.3997932666039639,1.420592768888652,1.0092605217011812,1.0816647600299925,1.3450682525276974,1.3487547182046762,1.4287133313285074,1.415816828879861,1.1331478833477382,1.1991863405305878,1.3627525087419015
0.36654455536221275,0.38979591836734706,0.4030396327810122,0.867044508692323,0.6509856062880275,0.0,0.28959768699045413,0.41100515813764094,0.29582417869847255,0.3860404077397301,0.35002203128442394,0.35398391812865493,0.39515800014835695,0.3750114416475973,0.3743432332282506,0.4090121317157713,0.8543090347375288,0.39975236896536953,0.39595375722543347,0.38015151515151535,1.482397732364348,1.4324567051609296,1.7490984270061831,1.8205571328367678,1.6769283804708977,1.801527104264953,1.829351288953761,1.473386088474563,0.4146821273246857,1.8883093823879953,0.3967612230470132,1.9882055573197597,0.37949518051212294,1.4515721397607249,1.7721967572873187,0.41512430163676695,1.6393498769553616,0.35918798766104165,0.367976134327186,1.8443048772257877,1.4364621180865618,1.4156602337967765,1.4277083333333331,1.4091174127191073,1.4519805359809002,1.4247999252916361,1.4397987812261839,1.4236396987137019,1.4480467379494708,1.4361134281816519,1.3614356992758703,1.4435914506382332,1.395530410895859,1.4640903486344345,1.4901461191875252,1.4368089456426725,1.4882590002618445,1.4772271816035616,1.4457132573226865,1.4685284394402147,1.4449497613173685,1.4447296072275948,1.4272776140059003,1.43687863323467,1.436701552475966,1.4243739691028074,1.4455361057329101,1.4114844723435798,1.4425065651048856,1.4352229568115247,1.4001787722791537,1.467622589261525,1.40432835601756,1.413856009200839,1.4129682275481794,1.3955704522541306,1.4091945903692789,1.503409809326827,1.4400945256706539,1.4347250108122094,1.4258448254877727,1.3905711985863651,1.419825018276547,1.4369213005666779,1.4324186980452074,1.4209454540288529,1.4512693524911058,1.4545991793748696,1.4472829910601381,1.4453554388994034,1.4228597078492153,1.3252271350070604,1.398900037918432,1.4224388131557466,1.4423103264543393,1.4516645536075556,1.4357105825386656,1.4254802577242696,1.4466508943938952,1.3828367693735468
0.36792452830188677,0.39021739130434796,0.4032319431451669,0.9451534004963119,0.7390253624049827,0.28959768699045413,0.0,0.4112206401363028,0.23899456521739137,0.386056971514243,0.3310657596371882,0.35767637559956406,0.39610389610389607,0.37628315805995927,0.375,0.40937500000000004,0.942348790854484,0.400160687348331,0.39595959595959596,0.3819690323944407,1.482397732364348,1.4324567051609296,1.7490984270061831,1.8205571328367678,1.6769283804708977,1.801527104264953,1.829351288953761,1.473386088474563,0.4150326797385621,1.8883093823879953,0.3974358974358976,1.9882055573197597,0.38042973286875725,1.4515721397607249,1.7721967572873187,0.4154925351883491,1.6393498769553616,0.36147021546261093,0.3694820180517572,1.8443048772257877,1.4364621180865618,1.4156602337967765,1.4277083333333331,1.4091174127191073,1.4519805359809002,1.4247999252916361,1.4397987812261839,1.4236396987137019,1.4480467379494708,1.4361134281816519,1.3614356992758703,1.4435914506382332,1.395530410895859,1.4640903486344345,1.4901461191875252,1.4368089456426725,1.4882590002618445,1.4772271816035616,1.4457132573226865,1.4685284394402147,1.4449497613173685,1.4447296072275948,1.4272776140059003,1.43687863323467,1.436701552475966,1.4243739691028074,1.4455361057329101,1.4114844723435798,1.4425065651048856,1.4352229568115247,1.4001787722791537,1.467622589261525,1.40432835601756,1.413856009200839,1.4129682275481794,1.3955704522541306,1.4091945903692789,1.503409809326827,1.4400945256706539,1.4347250108122094,1.4258448254877727,1.3905711985863651,1.419825018276547,1.4369213005666779,1.4324186980452074,1.4209454540288529,1.4512693524911058,1.4545991793748696,1.4472829910601381,1.4453554388994034,1.4228597078492153,1.3252271350070604,1.398900037918432,1.4224388131557466,1.4423103264543393,1.4516645536075556,1.4357105825386656,1.4254802577242696,1.4466508943938952,1.3828367693735468
0.4015957446808511,0.3915482954545455,0.3727654716797823,0.9416228157829355,0.72556391337864,0.41100515813764094,0.4112206401363028,0.0,0.4113151231324943,0.39581551477605575,0.4130362917714696,0.40731513078518894,0.38820795669271235,0.4026137616123446,0.40225119223380534,0.3673607691136926,0.9288873418281414,0.38522961436561665,0.386654787131574,0.4013435675562969,1.482397732364348,1.4324567051609296,1.7490984270061831,1.8205571328367678,1.6769283804708977,1.801527104264953,1.829351288953761,1.473386088474563,0.34060441925945084,1.8883093823879953,0.38387096774193563,1.9882055573197597,0.4018912529550829,1.4515721397607249,1.7721967572873187,0.34812520115867407,1.6393498769553616,0.4063796168279676,0.4035202805216127,1.8443048772257877,1.4364621180865618,1.4156602337967765,1.4277083333333331,1.4091174127191073,1.4519805359809002,1.4247999252916361,1.4397987812261839,1.4236396987137019,1.4480467379494708,1.4361134281816519,1.3614356992758703,1.4435914506382332,1.395530410895859,1.4640903486344345,1.4901461191875252,1.4368089456426725,1.4882590002618445,1.4772271816035616,1.4457132573226865,1.4685284394402147,1.4449497613173685,1.4447296072275948,1.4272776140059003,1.43687863323467,1.436701552475966,1.4243739691028074,1.4455361057329101,1.4114844723435798,1.4425065651048856,1.4352229568115247,1.4001787722791537,1.467622589261525,1.40432835601756,1.413856009200839,1.4129682275481794,1.3955704522541306,1.4091945903692789,1.503409809326827,1.4400945256706539,1.4347250108122094,1.4258448254877727,1.3905711985863651,1.419825018276547,1.4369213005666779,1.4324186980452074,1.4209454540288529,1.4512693524911058,1.4545991793748696,1.4472829910601381,1.4453554388994034,1.4228597078492153,1.3252271350070604,1.398900037918432,1.4224388131557466,1.4423103264543393,1.4516645536075556,1.4357105825386656,1.4254802577242696,1.4466508943938952,1.3828367693735468
0.3679245283018869,0.3905683474682289,0.4032482996846104,0.9290957674365545,0.7130368650322589,0.29582417869847255,0.23899456521739137,0.4113151231324943,0.0,0.38605697151424295,0.34472049689441,0.35834706109144454,0.3961857379767828,0.3763495276653172,0.375,0.4095399618909008,0.9163602934817603,0.40038100076200167,0.39612052906110296,0.3824583494769469,1.482397732364348,1.4324567051609296,1.7490984270061831,1.8205571328367678,1.6769283804708977,1.801527104264953,1.829351288953761,1.473386088474563,0.415079013281128,1.8883093823879953,0.3974358974358975,1.9882055573197597,0.3806124150581566,1.4515721397607249,1.7721967572873187,0.41573157963046903,1.6393498769553616,0.361483483914673,0.36979166666666674,1.8443048772257877,1.4364621180865618,1.4156602337967765,1.4277083333333331,1.4091174127191073,1.4519805359809002,1.4247999252916361,1.4397987812261839,1.4236396987137019,1.4480467379494708,1.4361134281816519,1.3614356992758703,1.4435914506382332,1.395530410895859,1.4640903486344345,1.4901461191875252,1.4368089456426725,1.4882590002618445,1.4772271816035616,1.4457132573226865,1.4685284394402147,1.4449497613173685,1.4447296072275948,1.4272776140059003,1.43687863323467,1.436701552475966,1.4243739691028074,1.4455361057329101,1.4114844723435798,1.4425065651048856,1.4352229568115247,1.4001787722791537,1.467622589261525,1.40432835601756,1.413856009200839,1.4129682275481794,1.3955704522541306,1.4091945903692789,1.503409809326827,1.4400945256706539,1.4347250108122094,1.4258448254877727,1.3905711985863651,1.419825018276547,1.4369213005666779,1.4324186980452074,1.4209454540288529,1.4512693524911058,1.4545991793748696,1.4472829910601381,1.4453554388994034,1.4228597078492153,1.3252271350070604,1.398900037918432,1.4224388131557466,1.4423103264543393,1.4516645536075556,1.4357105825386656,1.4254802577242696,1.4466508943938952,1.3828367693735468
0.36376586376586384,0.3265306122448981,0.387856929029299,0.911244623251671,0.6951857208473755,0.3860404077397301,0.386056971514243,0.39581551477605575,0.38605697151424295,0.0,0.3918413362857808,0.37779527559055115,0.3571428571428572,0.36813573641227837,0.36755494439957337,0.38982334869431656,0.8985091492968768,0.35725846960986773,0.35075303738015445,0.36234580447460185,1.482397732364348,1.4324567051609296,1.7490984270061831,1.8205571328367678,1.6769283804708977,1.801527104264953,1.829351288953761,1.473386088474563,0.4012023896166909,1.8883093823879953,0.3726541554959786,1.9882055573197597,0.3663932609177567,1.4515721397607249,1.7721967572873187,0.39942669733003955,1.6393498769553616,0.3757483601669649,0.3705132894959896,1.8443048772257877,1.4364621180865618,1.4156602337967765,1.4277083333333331,1.4091174127191073,1.4519805359809002,1.4247999252916361,1.4397987812261839,1.4236396987137019,1.4480467379494708,1.4361134281816519,1.3614356992758703,1.4435914506382332,1.395530410895859,1.4640903486344345,1.4901461191875252,1.4368089456426725,1.4882590002618445,1.4772271816035616,1.4457132573226865,1.4685284394402147,1.4449497613173685,1.4447296072275948,1.4272776140059003,1.43687863323467,1.436701552475966,1.4243739691028074,1.4455361057329101,1.4114844723435798,1.4425065651048856,1.4352229568115247,1.4001787722791537,1.467622589261525,1.40432835601756,1.413856009200839,1.4129682275481794,1.3955704522541306,1.4091945903692789,1.503409809326827,1.4400945256706539,1.4347250108122094,1.4258448254877727,1.3905711985863651,1.419825018276547,1.4369213005666779,1.4324186980452074,1.4209454540288529,1.4512693524911058,1.4545991793748696,1.4472829910601381,1.4453554388994034,1.4228597078492153,1.3252271350070604,1.398900037918432,1.4224388131557466,1.4423103264543393,1.4516645536075556,1.4357105825386656,1.4254802577242696,1.4466508943938952,1.3828367693735468
0.3728908886389201,0.3967947865407635,0.4055865921787709,0.9344116095155147,0.7183527071112192,0.35002203128442394,0.3310657596371882,0.4130362917714696,0.34472049689441,0.3918413362857808,0.0,0.37055868238651035,0.4009358790838832,0.38257575757575757,0.38290076631151604,0.4113573407202218,0.9216761355607206,0.40494296577946765,0.4000000000000001,0.3919750205827392,1.482397732364348,1.4324567051609296,1.7490984270061831,1.8205571328367678,1.6769283804708977,1.801527104264953,1.829351288953761,1.473386088474563,0.41666666666666674,1.8883093823879953,0.4030849191047029,1.9882055573197597,0.3873063468265868,1.4515721397607249,1.7721967572873187,0.4182389937106918,1.6393498769553616,0.3768594775299241,0.38385581088025844,1.8443048772257877,1.4364621180865618,1.4156602337967765,1.4277083333333331,1.4091174127191073,1.4519805359809002,1.4247999252916361,1.4397987812261839,1.4236396987137019,1.4480467379494708,1.4361134281816519,1.3614356992758703,1.4435914506382332,1.395530410895859,1.4640903486344345,1.4901461191875252,1.4368089456426725,1.4882590002618445,1.4772271816035616,1.4457132573226865,1.4685284394402147,1.4449497613173685,1.4447296072275948,1.4272776140059003,1.43687863323467,1.436701552475966,1.4243739691028074,1.4455361057329101,1.4114844723435798,1.4425065651048856,1.4352229568115247,1.4001787722791537,1.467622589261525,1.40432835601756,1.413856009200839,1.4129682275481794,1.3955704522541306,1.4091945903692789,1.503409809326827,1.4400945256706539,1.4347250108122094,1.4258448254877727,1.3905711985863651,1.419825018276547,1.4369213005666779,1.4324186980452074,1.4209454540288529,1.4512693524911058,1.4545991793748696,1.4472829910601381,1.4453554388994034,1.4228597078492153,1.3252271350070604,1.398900037918432,1.4224388131557466,1.4423103264543393,1.4516645536075556,1.4357105825386656,1.4254802577242696,1.4466508943938952,1.3828367693735468
0.3535459017915159,0.3819222482657385,0.3996728462377318,0.901627136606741,0.6855682342024453,0.35398391812865493,0.35767637559956406,0.40731513078518894,0.35834706109144454,0.37779527559055115,0.37055868238651035,0.0,0.39142539956651223,0.3509407439446368,0.3606338028169016,0.40448251839595945,0.8888916626519466,0.3892811785623572,0.38860103626943004,0.3661557485086897,1.482397732364348,1.4324567051609296,1.7490984270061831,1.8205571328367678,1.6769283804708977,1.801527104264953,1.829351288953761,1.473386088474563,0.4123248394214959,1.8883093823879953,0.390625,1.9882055573197597,0.36197532239645724,1.4515721397607249,1.7721967572873187,0.4125295508274231,1.6393498769553616,0.31019958754238186,0.35074626865671643,1.8443048772257877,1.4364621180865618,1.4156602337967765,1.4277083333333331,1.4091174127191073,1.4519805359809002,1.4247999252916361,1.4397987812261839,1.4236396987137019,1.4480467379494708,1.4361134281816519,1.3614356992758703,1.4435914506382332,1.395530410895859,1.4640903486344345,1.4901461191875252,1.4368089456426725,1.4882590002618445,1.4772271816035616,1.4457132573226865,1.4685284394402147,1.4449497613173685,1.4447296072275948,1.4272776140059003,1.43687863323467,1.436701552475966,1.4243739691028074,1.4455361057329101,1.4114844723435798,1.4425065651048856,1.4352229568115247,1.4001787722791537,1.467622589261525,1.40432835601756,1.413856009200839,1.4129682275481794,1.3955704522541306,1.4091945903692789,1.503409809326827,1.4400945256706539,1.4347250108122094,1.4258448254877727,1.3905711985863651,1.419825018276547,1.4369213005666779,1.4324186980452074,1.4209454540288529,1.4512693524911058,1.4545991793748696,1.4472829910601381,1.4453554388994034,1.4228597078492153,1.3252271350070604,1.398900037918432,1.4224388131557466,1.4423103264543393,1.4516645536075556,1.4357105825386656,1.4254802577242696,1.4466508943938952,1.3828367693735468
0.3815369676792899,0.3289772727272728,0.3798887758069207,0.9256533130963013,0.7095944106920058,0.39515800014835695,0.39610389610389607,0.38820795669271235,0.3961857379767828,0.3571428571428572,0.4009358790838832,0.39142539956651223,0.0,0.385,0.3844345156622737,0.3793103448275863,0.9129178391415071,0.32749326145552565,0.3127435459671995,0.37900874635568527,1.482397732364348,1.4324567051609296,1.7490984270061831,1.8205571328367678,1.6769283804708977,1.801527104264953,1.829351288953761,1.473386088474563,0.39604531271197935,1.8883093823879953,0.3564615553732845,1.9882055573197597,0.38354092738574397,1.4515721397607249,1.7721967572873187,0.3916277832351015,1.6393498769553616,0.39018691588785054,0.3862332339791356,1.8443048772257877,1.4364621180865618,1.4156602337967765,1.4277083333333331,1.4091174127191073,1.4519805359809002,1.4247999252916361,1.4397987812261839,1.4236396987137019,1.4480467379494708,1.4361134281816519,1.3614356992758703,1.4435914506382332,1.395530410895859,1.4640903486344345,1.4901461191875252,1.4368089456426725,1.4882590002618445,1.4772271816035616,1.4457132573226865,1.4685284394402147,1.4449497613173685,1.4447296072275948,1.4272776140059003,1.43687863323467,1.436701552475966,1.4243739691028074,1.4455361057329101,1.4114844723435798,1.4425065651048856,1.4352229568115247,1.4001787722791537,1.467622589261525,1.40432835601756,1.413856009200839,1.4129682275481794,1.3955704522541306,1.4091945903692789,1.503409809326827,1.4400945256706539,1.4347250108122094,1.4258448254877727,1.3905711985863651,1.419825018276547,1.4369213005666779,1.4324186980452074,1.4209454540288529,1.4512693524911058,1.4545991793748696,1.4472829910601381,1.4453554388994034,1.4228597078492153,1.3252271350070604,1.398900037918432,1.4224388131557466,1.4423103264543393,1.4516645536075556,1.4357105825386656,1.4254802577242696,1.4466508943938952,1.3828367693735468
0.32817930893477815,0.3693648456806352,0.39653940277795097,0.9326203545748034,0.7165614521705079,0.3750114416475973,0.37628315805995927,0.4026137616123446,0.3763495276653172,0.36813573641227837,0.38257575757575757,0.3509407439446368,0.385,0.0,0.2647058823529411,0.4001057237205584,0.9198848806200093,0.38235294117647056,0.3814679079433281,0.3207547169811322,1.482397732364348,1.4324567051609296,1.7490984270061831,1.8205571328367678,1.6769283804708977,1.801527104264953,1.829351288953761,1.473386088474563,0.40777033710268135,1.8883093823879953,0.3852493660185969,1.9882055573197597,0.33526965002868625,1.4515721397607249,1.7721967572873187,0.40763997346579406,1.6393498769553616,0.3435374149659864,0.32272727272727286,1.8443048772257877,1.4364621180865618,1.4156602337967765,1.4277083333333331,1.4091174127191073,1.4519805359809002,1.4247999252916361,1.4397987812261839,1.4236396987137019,1.4480467379494708,1.4361134281816519,1.3614356992758703,1.4435914506382332,1.395530410895859,1.4640903486344345,1.4901461191875252,1.4368089456426725,1.4882590002618445,1.4772271816035616,1.4457132573226865,1.4685284394402147,1.4449497613173685,1.4447296072275948,1.4272776140059003,1.43687863323467,1.436701552475966,1.4243739691028074,1.4455361057329101,1.4114844723435798,1.4425065651048856,1.4352229568115247,1.4001787722791537,1.467622589261525,1.40432835601756,1.413856009200839,1.4129682275481794,1.3955704522541306,1.4091945903692789,1.503409809326827,1.4400945256706539,1.4347250108122094,1.4258448254877727,1.3905711985863651,1.419825018276547,1.4369213005666779,1.4324186980452074,1.4209454540288529,1.4512693524911058,1.4545991793748696,1.4472829910601381,1.4453554388994034,1.4228597078492153,1.3252271350070604,1.398900037918432,1.4224388131557466,1.4423103264543393,1.4516645536075556,1.4357105825386656,1.4254802577242696,1.4466508943938952,1.3828367693735468
0.322463768115942,0.36734693877551017,0.3961424332344214,0.8924883358582257,0.6764294334539303,0.3743432332282506,0.375,0.40225119223380534,0.375,0.36755494439957337,0.38290076631151604,0.3606338028169016,0.3844345156622737,0.2647058823529411,0.0,0.39968052608259685,0.8797528619034316,0.381899080933007,0.3805378013875624,0.3172975145709118,1.482397732364348,1.4324567051609296,1.7490984270061831,1.8205571328367678,1.6769283804708977,1.801527104264953,1.829351288953761,1.473386088474563,0.40696139255241937,1.8883093823879953,0.38469601677148857,1.9882055573197597,0.32756238399670035,1.4515721397607249,1.7721967572873187,0.40756302521008414,1.6393498769553616,0.35611111111111127,0.323921568627451,1.8443048772257877,1.4364621180865618,1.4156602337967765,1.4277083333333331,1.4091174127191073,1.4519805359809002,1.4247999252916361,1.4397987812261839,1.4236396987137019,1.4480467379494708,1.4361134281816519,1.3614356992758703,1.4435914506382332,1.395530410895859,1.4640903486344345,1.4901461191875252,1.4368089456426725,1.4882590002618445,1.4772271816035616,1.4457132573226865,1.4685284394402147,1.4449497613173685,1.4447296072275948,1.4272776140059003,1.43687863323467,1.436701552475966,1.4243739691028074,1.4455361057329101,1.4114844723435798,1.4425065651048856,1.4352229568115247,1.4001787722791537,1.467622589261525,1.40432835601756,1.413856009200839,1.4129682275481794,1.3955704522541306,1.4091945903692789,1.503409809326827,1.4400945256706539,1.4347250108122094,1.4258448254877727,1.3905711985863651,1.419825018276547,1.4369213005666779,1.4324186980452074,1.4209454540288529,1.4512693524911058,1.4545991793748696,1.4472829910601381,1.4453554388994034,1.4228597078492153,1.3252271350070604,1.398900037918432,1.4224388131557466,1.4423103264543393,1.4516645536075556,1.4357105825386656,1.4254802577242696,1.4466508943938952,1.3828367693735468
0.39851912015042457,0.38421926657220795,0.32628854889876274,0.9275241487848997,0.7114652463806042,0.4090121317157713,0.40937500000000004,0.3673607691136926,0.4095399618909008,0.38982334869431656,0.4113573407202218,0.40448251839595945,0.3793103448275863,0.4001057237205584,0.39968052608259685,0.0,0.9147886748301054,0.3761517091436165,0.37827715355805247,0.3978888268706701,1.482397732364348,1.4324567051609296,1.7490984270061831,1.8205571328367678,1.6769283804708977,1.801527104264953,1.829351288953761,1.473386088474563,0.36703067927660116,1.8883093823879953,0.37431693989071047,1.9882055573197597,0.3993706776214516,1.4515721397607249,1.7721967572873187,0.3481020167319031,1.6393498769553616,0.4031997292825988,0.40117801047120416,1.8443048772257877,1.4364621180865618,1.4156602337967765,1.4277083333333331,1.4091174127191073,1.4519805359809002,1.4247999252916361,1.4397987812261839,1.4236396987137019,1.4480467379494708,1.4361134281816519,1.3614356992758703,1.4435914506382332,1.395530410895859,1.4640903486344345,1.4901461191875252,1.4368089456426725,1.4882590002618445,1.4772271816035616,1.4457132573226865,1.4685284394402147,1.4449497613173685,1.4447296072275948,1.4272776140059003,1.43687863323467,1.436701552475966,1.4243739691028074,1.4455361057329101,1.4114844723435798,1.4425065651048856,1.4352229568115247,1.4001787722791537,1.467622589261525,1.40432835601756,1.413856009200839,1.4129682275481794,1.3955704522541306,1.4091945903692789,1.503409809326827,1.4400945256706539,1.4347250108122094,1.4258448254877727,1.3905711985863651,1.419825018276547,1.4369213005666779,1.4324186980452074,1.4209454540288529,1.4512693524911058,1.4545991793748696,1.4472829910601381,1.4453554388994034,1.4228597078492153,1.3252271350070604,1.398900037918432,1.4224388131557466,1.4423103264543393,1.4516645536075556,1.4357105825386656,1.4254802577242696,1.4466508943938952,1.3828367693735468
0.9028255447918481,0.8924961274339428,0.8770750641067353,0.30476334514447045,0.30217193433978845,0.8543090347375288,0.942348790854484,0.9288873418281414,0.9163602934817603,0.8985091492968768,0.9216761355607206,0.8888916626519466,0.9129178391415071,0.9198848806200093,0.8797528619034316,0.9147886748301054,0.0,0.9257553333686385,0.9193131131884118,0.8828645413578222,1.104207688214259,1.0121902032555692,1.6479909833192123,1.7753789256724821,1.4912161985036048,1.7503987429620582,1.7809105003178165,1.0409099239208237,0.921234909267832,1.8883093823879953,0.8910188152344428,1.9882055573197597,0.9274962500443031,1.0511948985609574,1.6664152172456392,0.9303410971975494,1.364796565209906,0.9046812613534433,0.9310148738743931,1.751254835331815,0.9823116457629045,1.4019387716059626,1.005855881593967,1.4029252816069215,1.381391424377438,1.3575339425115371,1.423072972094622,1.3961315880717762,1.3729534749293604,1.41963465074608,1.3429211508872396,1.351986555613436,1.355147768911244,1.40739086582388,1.4111775568672122,1.3656593968733186,1.4136921583852957,1.4525058912302327,1.387634029602831,1.4123729045363076,1.3734739153952749,1.424978842157922,1.426644828945401,1.0066740878238272,1.3940519785833765,1.4020019714800245,1.3339264656911718,1.3611246300757567,1.4297816567906523,1.4278469535417713,1.3822404970410875,1.4557472367209368,1.3952050267552174,1.3711888477959095,1.4089575093776046,1.026584271611633,1.4057832784014561,1.4042663687347225,1.4022823361024006,1.4341725334509758,1.0276370929417498,1.020364353376141,1.3630323596844354,1.0262799443415125,1.4020106668448038,1.0291598292140745,1.4213572030754942,1.0321619233660895,1.434497546856642,1.399793266603964,1.420592768888652,1.0092605217011812,1.0322694100830594,1.3450682525276974,1.3487547182046762,1.4287133313285072,1.4158168288798607,1.026983362877623,1.0268571731551766,1.3627525087419015
0.3792796733741617,0.33582089552238814,0.3743654822335025,0.9384908073234328,0.7224319049191371,0.39975236896536953,0.400160687348331,0.38522961436561665,0.40038100076200167,0.35725846960986773,0.40494296577946765,0.3892811785623572,0.32749326145552565,0.38235294117647056,0.381899080933007,0.3761517091436165,0.9257553333686385,0.0,0.32192134107027726,0.37767075641172654,1.482397732364348,1.4324567051609296,1.7490984270061831,1.8205571328367678,1.6769283804708977,1.801527104264953,1.829351288953761,1.473386088474563,0.39254385964912286,1.8883093823879953,0.3274910743265175,1.9882055573197597,0.3810810810810811,1.4515721397607249,1.7721967572873187,0.3891402714932126,1.6393498769553616,0.38789425513939735,0.3837325349301398,1.8443048772257877,1.4364621180865618,1.4156602337967765,1.4277083333333331,1.4091174127191073,1.4519805359809002,1.4247999252916361,1.4397987812261839,1.4236396987137019,1.4480467379494708,1.4361134281816519,1.3614356992758703,1.4435914506382332,1.395530410895859,1.4640903486344345,1.4901461191875252,1.4368089456426725,1.4882590002618445,1.4772271816035616,1.4457132573226865,1.4685284394402147,1.4449497613173685,1.4447296072275948,1.4272776140059003,1.43687863323467,1.436701552475966,1.4243739691028074,1.4455361057329101,1.4114844723435798,1.4425065651048856,1.4352229568115247,1.4001787722791537,1.467622589261525,1.40432835601756,1.413856009200839,1.4129682275481794,1.3955704522541306,1.4091945903692789,1.503409809326827,1.4400945256706539,1.4347250108122094,1.4258448254877727,1.3905711985863651,1.419825018276547,1.4369213005666779,1.4324186980452074,1.4209454540288529,1.4512693524911058,1.4545991793748696,1.4472829910601381,1.4453554388994034,1.4228597078492153,1.3252271350070604,1.398900037918432,1.4224388131557466,1.4423103264543393,1.4516645536075556,1.4357105825386656,1.4254802577242696,1.4466508943938952,1.3828367693735468
0.37643176398535333,0.3293273044581946,0.3758314855875833,0.932048587143206,0.7159896847389104,0.39595375722543347,0.39595959595959596,0.386654787131574,0.39612052906110296,0.35075303738015445,0.4000000000000001,0.38860103626943004,0.3127435459671995,0.3814679079433281,0.3805378013875624,0.37827715355805247,0.9193131131884118,0.32192134107027726,0.0,0.3748847213839497,1.482397732364348,1.4324567051609296,1.7490984270061831,1.8205571328367678,1.6769283804708977,1.801527104264953,1.829351288953761,1.473386088474563,0.3941537010843942,1.8883093823879953,0.3448434622467772,1.9882055573197597,0.37948717948717947,1.4515721397607249,1.7721967572873187,0.390311026038638,1.6393498769553616,0.38778409090909094,0.383495145631068,1.8443048772257877,1.4364621180865618,1.4156602337967765,1.4277083333333331,1.4091174127191073,1.4519805359809002,1.4247999252916361,1.4397987812261839,1.4236396987137019,1.4480467379494708,1.4361134281816519,1.3614356992758703,1.4435914506382332,1.395530410895859,1.4640903486344345,1.4901461191875252,1.4368089456426725,1.4882590002618445,1.4772271816035616,1.4457132573226865,1.4685284394402147,1.4449497613173685,1.4447296072275948,1.4272776140059003,1.43687863323467,1.436701552475966,1.4243739691028074,1.4455361057329101,1.4114844723435798,1.4425065651048856,1.4352229568115247,1.4001787722791537,1.467622589261525,1.40432835601756,1.413856009200839,1.4129682275481794,1.3955704522541306,1.4091945903692789,1.503409809326827,1.4400945256706539,1.4347250108122094,1.4258448254877727,1.3905711985863651,1.419825018276547,1.4369213005666779,1.4324186980452074,1.4209454540288529,1.4512693524911058,1.4545991793748696,1.4472829910601381,1.4453554388994034,1.4228597078492153,1.3252271350070604,1.398900037918432,1.4224388131557466,1.4423103264543393,1.4516645536075556,1.4357105825386656,1.4254802577242696,1.4466508943938952,1.3828367693735468
0.235840280072956,0.36111111111111116,0.39484221159346206,0.8956000153126165,0.6795411129083209,0.38015151515151535,0.3819690323944407,0.4013435675562969,0.3824583494769469,0.36234580447460185,0.3919750205827392,0.3661557485086897,0.37900874635568527,0.3207547169811322,0.3172975145709118,0.3978888268706701,0.8828645413578222,0.37767075641172654,0.3748847213839497,0.0,1.482397732364348,1.4324567051609296,1.7490984270061831,1.8205571328367678,1.6769283804708977,1.801527104264953,1.829351288953761,1.473386088474563,0.40551122931442074,1.8883093823879953,0.38107416879795397,1.9882055573197597,0.29525127435344156,1.4515721397607249,1.7721967572873187,0.4060096173931935,1.6393498769553616,0.36171221139971155,0.3384655875773129,1.8443048772257877,1.4364621180865618,1.4156602337967765,1.4277083333333331,1.4091174127191073,1.4519805359809002,1.4247999252916361,1.4397987812261839,1.4236396987137019,1.4480467379494708,1.4361134281816519,1.3614356992758703,1.4435914506382332,1.395530410895859,1.4640903486344345,1.4901461191875252,1.4368089456426725,1.4882590002618445,1.4772271816035616,1.4457132573226865,1.4685284394402147,1.4449497613173685,1.4447296072275948,1.4272776140059003,1.43687863323467,1.436701552475966,1.4243739691028074,1.4455361057329101,1.4114844723435798,1.4425065651048856,1.4352229568115247,1.4001787722791537,1.467622589261525,1.40432835601756,1.413856009200839,1.4129682275481794,1.3955704522541306,1.4091945903692789,1.503409809326827,1.4400945256706539,1.4347250108122094,1.4258448254877727,1.3905711985863651,1.419825018276547,1.4369213005666779,1.4324186980452074,1.4209454540288529,1.4512693524911058,1.4545991793748696,1.4472829910601381,1.4453554388994034,1.4228597078492153,1.3252271350070604,1.398900037918432,1.4224388131557466,1.4423103264543393,1.4516645536075556,1.4357105825386656,1.4254802577242696,1.4466508943938952,1.3828367693735468
1.482397732364348,1.482397732364348,1.482397732364348,1.0914722142594646,1.3075311166637602,1.482397732364348,1.482397732364348,1.482397732364348,1.482397732364348,1.482397732364348,1.482397732364348,1.482397732364348,1.482397732364348,1.482397732364348,1.482397732364348,1.482397732364348,1.104207688214259,1.482397732364348,1.482397732364348,1.482397732364348,0.0,0.3702049921156878,0.5437832951049533,0.6711712374582229,0.3870085102893457,0.6461910547477991,0.6767028121035574,0.3631486880466472,1.482397732364348,0.7976493020023288,1.482397732364348,0.9968168471173415,1.482397732364348,0.375,0.5622075290313804,1.482397732364348,0.9235427819242925,1.482397732364348,1.482397732364348,0.647047147117556,0.3879901960784313,1.4019387716059626,0.376388888888889,1.4029252816069215,1.381391424377438,1.3575339425115371,1.423072972094622,1.3961315880717762,1.3729534749293606,1.4196346507460798,1.3429211508872396,1.351986555613436,1.355147768911244,1.4073908658238798,1.411177556867212,1.3656593968733186,1.4136921583852957,1.4525058912302324,1.3876340296028309,1.4123729045363076,1.3734739153952749,1.424978842157922,1.4266448289454012,0.9980498739476146,1.3940519785833765,1.4020019714800245,1.3339264656911718,1.3611246300757567,1.4297816567906523,1.4278469535417715,1.3822404970410878,1.4557472367209368,1.3952050267552174,1.3711888477959095,1.4089575093776043,1.026584271611633,1.405783278401456,1.4042663687347228,1.4022823361024006,1.4341725334509758,1.0276370929417498,1.020364353376141,1.3630323596844356,1.0262799443415125,1.402010666844804,1.0291598292140747,1.4213572030754942,1.0321619233660897,1.434497546856642,1.3997932666039639,1.4205927688886522,1.0092605217011812,1.0322694100830592,1.3450682525276971,1.3487547182046762,1.4287133313285072,1.4158168288798607,1.026983362877623,1.0268571731551766,1.3627525087419015
