0.0,0.20846044688502463,0.16419321124918151,0.4300591476669531,0.419275929549902,0.3072037687415782,0.12629539617341334,0.1517857142857143,0.12468128505864362,0.11376586376586384,0.48253362998321625,0.3597145536915126,0.16901712242757316,0.2500788722184838,0.09722222222222232,0.1288172469543163,0.3923725844228695,0.12312754731113451,0.12043767234666747,0.18841317329406268,0.3836183193353814,0.3102670535405897,0.46023790430366207,0.4040470368980301,0.4583662714097495,0.37742749054224467,0.44999999999999996,0.22179421516179387,0.21207408382614512,0.36363636363636365,0.14441517189835573,0.3798075125261289,0.19455487513662473,0.43958940213621867,0.45905146796624263,0.15167296984977413,0.34354912764003676,0.4378738807391884,0.10369553226696082,0.4511051300872686,0.3759122860884926,0.23580608004450643,0.4051020408163265,0.4270641091539963,0.44718163197620975,0.35569985569985574,0.445244156641565,0.42804803189244983,0.4999999999999999,0.4372496996548755,0.39655172413793094,0.4348666408967916,0.3545720967407713,0.41587943353270107,0.3318867554858934,0.25660063417816115,0.39001488579801813,0.3123591028702709,0.43911900065746223,0.44312169312169314,0.448534343644195,0.3605464126349125,0.4665250336533521,0.4676614235437765,0.36286269047535824,0.27474532871381685,0.4141350452825862,0.48289473684210515,0.4707657970802386,0.40657250403346384,0.39139344262295084,0.4526296201129075,0.25911755128622616,0.4657700872055952,0.2218966494725907,0.4537238338312016,0.37696998870388077,0.43191963339643025,0.28736194468591747,0.46725906043328147,0.23433058012481922,0.4747200263504612,0.32004220053030996,0.28376421468743773,0.4305663568110427,0.22919818342684173,0.23433058012481922,0.43195202027570245,0.43238495428085877,0.3703913534320029,0.2343305801248192,0.21744823979258518,0.23433058012481922,0.4760684347945582,0.26372712725502534,0.2670183911771423,0.24392876384079576,0.3040165817010322,0.3202974618469415,0.26277285492667746
0.20846044688502463,0.0,0.3274760596663494,0.27891036716425455,0.22458629676927444,0.19336734693877555,0.26413837770625515,0.2506769286799124,0.19531597685803292,0.22482245241747462,0.4102343765703833,0.19031920749302467,0.13010204081632648,0.3274760596663494,0.23151040872931206,0.315943341046956,0.23361730013106147,0.3207156519277268,0.3180257769632596,0.1757518796992481,0.22810731648078297,0.28697391819798457,0.26969247227452,0.2102190133362339,0.2656357268628704,0.37742749054224467,0.3091304567706441,0.28697391819798446,0.19442971860556485,0.36363636363636365,0.16367681514648336,0.2924229074889868,0.3274760596663494,0.2943075100381356,0.3082197539982392,0.2731833156282677,0.33161672908863926,0.3656922829762963,0.25280446072616414,0.34121435545902035,0.242689228828048,0.2851859447768069,0.348467387955401,0.24981593142636815,0.26012981453294937,0.35569985569985574,0.3838709677419356,0.237683879857697,0.4899445214979195,0.26000152192724735,0.37554895206844957,0.34079202914322554,0.280079631046009,0.23863125580507294,0.29164054336468115,0.2851859447768069,0.2970873786407764,0.2851859447768069,0.3762251845361035,0.38705406222280314,0.26284153535243115,0.29578853087413504,0.28927685592572394,0.3415168660436243,0.35800344234079173,0.28416717496180754,0.38737287948644417,0.29470354559073914,0.329039261275448,0.2593226527057684,0.3810728744939271,0.2748349043241578,0.2851859447768069,0.3310521816701477,0.28416717496180754,0.2764756561035735,0.2676926466509133,0.25467145566880206,0.28416717496180743,0.30152342881236616,0.2761346750899305,0.3128064675761797,0.2761346750899305,0.2761346750899304,0.2502138164932126,0.2761346750899305,0.2761346750899305,0.2547038425480743,0.25513677655323064,0.26002133135306427,0.2761346750899305,0.2761346750899305,0.2761346750899305,0.3198981870167352,0.2761346750899305,0.2761346750899305,0.2761346750899304,0.2761346750899305,0.2761346750899305,0.2761346750899305
0.16419321124918151,0.3274760596663494,0.0,0.4300591476669531,0.419275929549902,0.33584129080765424,0.12879282263432418,0.16017964071856283,0.2597525461774035,0.16193636029312886,0.48885519090792995,0.3597145536915126,0.2532172363770281,0.11652695415525738,0.1456935932710557,0.0846789025359811,0.4614313137934264,0.08863933239891708,0.08952443164567445,0.31455734735091456,0.43817204301075263,0.431763810352327,0.46023790430366207,0.44167278063096105,0.4583662714097495,0.37742749054224467,0.44999999999999996,0.36829897727134275,0.27481452154496355,0.36363636363636365,0.19758942377827937,0.4304883353688389,0.10982824923355025,0.4395894021362186,0.45905146796624263,0.1514031472217252,0.34354912764003676,0.4632667965973407,0.13989623343653868,0.4511051300872686,0.4562327445843365,0.3817813536079895,0.40510204081632645,0.4538461538461537,0.4781252614649474,0.35569985569985574,0.4893943041720584,0.46410216068806365,0.4999999999999999,0.47148922001165394,0.39655172413793105,0.4348666408967916,0.44449598021026593,0.4420745920745921,0.37504264410820837,0.40310539628771,0.4640141712351,0.43331786278420137,0.43911900065746223,0.44312169312169314,0.4822700911350455,0.40299007871333536,0.4856020537863305,0.4676614235437765,0.36286269047535835,0.4185503315250151,0.41413504528258627,0.48289473684210515,0.4708333333333332,0.47195021790052105,0.39139344262295084,0.480617835274619,0.40562231339577504,0.4657700872055952,0.37220666882573783,0.4861696744813627,0.45521048999309854,0.4859877913429521,0.43386670679546635,0.47659947691141025,0.19966107398666666,0.4786176901841108,0.4398997853708819,0.43162070847171263,0.47694728601964576,0.34579483594545124,0.31220610197191656,0.47677238805970146,0.48353268345194655,0.46218883951394063,0.35496964475063664,0.36070971266063134,0.19076610021111673,0.48258622626671155,0.4102318893645742,0.42392951011174007,0.3936986666419501,0.44268103729622776,0.4650865574532357,0.41103343450924934
0.4300591476669531,0.27891036716425455,0.4300591476669531,0.0,0.096577892325315,0.17145060271299536,0.43005914766695297,0.4300591476669531,0.3821765265675534,0.4300591476669531,0.4173976927050449,0.22938444381279377,0.3831830105488372,0.43005914766695297,0.4300591476669531,0.430059147666953,0.2015951253939462,0.4300591476669531,0.43005914766695297,0.2960644953738478,0.23613733381913637,0.3038691057224786,0.16529761246593622,0.21433827032527608,0.1577777777777778,0.20973607981976183,0.18419532196440222,0.3038691057224786,0.3408325010791333,0.24355805906177505,0.4300591476669531,0.3229576744449929,0.430059147666953,0.19497112630297708,0.211305270972246,0.4300591476669531,0.3055555555555556,0.3909644801659322,0.4300591476669531,0.2157553354721718,0.24496867745919337,0.29333535019353585,0.22760455085023135,0.23591012983004278,0.24622401293662396,0.3068569377131575,0.40502527046786585,0.22377807826137164,0.48027989821882944,0.24609572033092197,0.3566867359970808,0.3260205192134902,0.29333535019353585,0.22472545420874757,0.2950279421607944,0.29333535019353585,0.30721220527045767,0.29333535019353585,0.3528478057889821,0.3731482606264777,0.24893573375610578,0.31940869949181383,0.27953996098561884,0.3276110644472989,0.3221515326778484,0.28717404385206013,0.38737287948644417,0.2807977439944138,0.31513345967912265,0.27747059594431533,0.381072874493927,0.26479708593527984,0.29333535019353574,0.3171463800738223,0.28717404385206013,0.2625698545072481,0.28717404385206013,0.24076565407247674,0.28717404385206013,0.2876176272160409,0.4233421599037289,0.305326473716382,0.27974622077466205,0.27974622077466205,0.24273382263341503,0.3070008035355565,0.3290751410532118,0.24079804095174895,0.24123097495690526,0.2748769713643585,0.28221460213864713,0.31390641851108403,0.4300591476669531,0.30751096391687893,0.27974622077466194,0.279746220774662,0.27974622077466205,0.27974622077466205,0.27974622077466205,0.279746220774662
0.419275929549902,0.22458629676927444,0.419275929549902,0.096577892325315,0.0,0.16459096459096467,0.419275929549902,0.419275929549902,0.3278524561725733,0.419275929549902,0.39173789173789175,0.21523249995031857,0.3288589401538571,0.419275929549902,0.419275929549902,0.419275929549902,0.25670689519653234,0.419275929549902,0.419275929549902,0.24174042497886772,0.31136812373319356,0.3113681237331935,0.2506885282998972,0.27029474393899966,0.2036499206605622,0.209367423407538,0.1830357142857143,0.31136812373319356,0.2865084306841532,0.24271785199877216,0.3880673445953988,0.3274011749477248,0.419275929549902,0.1941182763502881,0.2100297800815455,0.419275929549902,0.3055555555555556,0.3747185080928923,0.419275929549902,0.21396482931875282,0.31136812373319356,0.2948887196381662,0.22591421848009674,0.21396151485413595,0.2652915884166708,0.3068569377131575,0.39296187683284467,0.26444846641199504,0.4690721649484537,0.21895240696049745,0.3188791072687269,0.23422691021353237,0.2948887196381663,0.24541725969176387,0.2954405508284818,0.2948887196381663,0.30866192630898515,0.2948887196381662,0.298844276199413,0.2783038583090913,0.21025492209541924,0.31785090273733263,0.22452541020514194,0.23276666212991248,0.3221515326778484,0.2910223367697595,0.3486771874616903,0.22345756123050337,0.253141895846707,0.2857607465097558,0.2883377482627496,0.23944699235359113,0.2948887196381663,0.22380349590167792,0.2910223367697595,0.20126080539414534,0.2910223367697595,0.24701228990057356,0.2910223367697595,0.19277322489865445,0.3690180895087489,0.2671835454481357,0.2877257363664175,0.2877257363664175,0.25637997877834484,0.2877257363664175,0.31039719709904845,0.24925973346849806,0.2580488304245656,0.2877257363664175,0.2877257363664175,0.2877257363664175,0.419275929549902,0.26532481188451706,0.2877257363664175,0.2877257363664175,0.2877257363664175,0.2877257363664175,0.2877257363664175,0.2877257363664175
0.3072037687415782,0.19336734693877555,0.33584129080765424,0.17145060271299536,0.16459096459096467,0.0,0.33438099058275794,0.3209195415564152,0.21288182352828477,0.3206700928546602,0.38609467455621305,0.201601568721134,0.21388830750956855,0.33584129080765424,0.3169951713009546,0.33584129080765424,0.27027966327331243,0.33584129080765424,0.33584129080765424,0.17708740043729498,0.3206700928546602,0.32970303449733995,0.2642612963766773,0.2987214712192471,0.21853151726709805,0.29336677399763933,0.1995147926456582,0.32970303449733995,0.21014834140221045,0.34888650376886593,0.2730967119511103,0.3119512195121952,0.33584129080765424,0.19157226180134357,0.20606466600750806,0.33584129080765424,0.3062067118375771,0.3688452285485164,0.32304707360266705,0.23159869133403443,0.32540811572053585,0.3206700928546602,0.23885172383041509,0.2710035388418419,0.30010436535256135,0.31013531677237394,0.38728005865102655,0.2992612433478856,0.44047619047619047,0.253765183896388,0.30530633919194683,0.2313103469878386,0.3206700928546602,0.28023003662765444,0.29137754922334547,0.3206700928546602,0.2925600242246049,0.3206700928546601,0.2852715081226328,0.26473109023231123,0.24506769903130987,0.30854718124873703,0.25172698211375877,0.21962960873764553,0.3531504012231269,0.3155429392952499,0.3138644105257997,0.19594716557104563,0.21832911891081652,0.31554293929524985,0.2747649801859695,0.2964890163412972,0.3206700928546601,0.2087292096796558,0.3155429392952499,0.25127361045150143,0.3155429392952499,0.2927252918388099,0.3155429392952499,0.24777100909391392,0.3206700928546602,0.21549914600001457,0.29852531657852555,0.29852531657852543,0.28516405154641944,0.31480019143335736,0.3206700928546602,0.28516405154641944,0.30616863029431185,0.29852531657852555,0.29852531657852555,0.29852531657852555,0.3231294970007997,0.21768363620051143,0.29852531657852555,0.29852531657852543,0.30162947568001186,0.29852531657852555,0.29852531657852555,0.29852531657852555
0.12629539617341334,0.26413837770625515,0.12879282263432418,0.43005914766695297,0.419275929549902,0.33438099058275794,0.0,0.16189427312775329,0.16087221830295628,0.1367924528301887,0.4871889536256482,0.3597145536915126,0.19284724430204325,0.20900999629843786,0.13559322033898308,0.1398225957049486,0.45892285751253237,0.13227549889135257,0.12692144165358454,0.2469842494966618,0.43817204301075263,0.3768173266302526,0.46023790430366207,0.44167278063096105,0.4583662714097495,0.37742749054224467,0.44999999999999996,0.2883444882514567,0.228870313756112,0.36363636363636365,0.16188503628810968,0.39163934426229513,0.1367489325763548,0.43958940213621867,0.45905146796624263,0.16135246304933493,0.34354912764003676,0.4378738807391884,0.12356321839080463,0.4511051300872685,0.44246255917815547,0.3018268645881035,0.4051020408163265,0.4538461538461537,0.4781252614649474,0.35569985569985574,0.4546340327483085,0.46410216068806365,0.4999999999999999,0.47148922001165394,0.39655172413793105,0.4348666408967916,0.4211223698304343,0.4420745920745921,0.3356756833430261,0.32315090726782403,0.39467020944044995,0.35336337376431537,0.43911900065746223,0.443121693121693,0.4822700911350455,0.3850092348684411,0.4856020537863305,0.4676614235437765,0.36286269047535835,0.32703326110717934,0.4141350452825862,0.48289473684210515,0.4708333333333332,0.46594739653738926,0.39139344262295084,0.480617835274619,0.3256678243758889,0.4657700872055952,0.269994881355875,0.4861696744813627,0.44352026179354354,0.46672947426106814,0.35391221777558035,0.47659947691141025,0.22447863518674704,0.4786176901841108,0.3651890501259938,0.32940519811326263,0.46540435916856004,0.23604794133495322,0.22447863518674704,0.471608090044247,0.46824374058982576,0.4202761680261875,0.26083414273186256,0.2319168900263071,0.224478635186747,0.48258622626671155,0.3302774003446882,0.3028771774861093,0.31047903693045864,0.3422121617854966,0.3868477349366044,0.30996540667320716
0.1517857142857143,0.2506769286799124,0.16017964071856283,0.4300591476669531,0.419275929549902,0.3209195415564152,0.16189427312775329,0.0,0.16145139813581888,0.14679255303159355,0.48885519090792995,0.3597145536915126,0.14640428529532978,0.21244865516615352,0.15269461077844315,0.1195351160687249,0.44546140848618965,0.1411666906135184,0.14407782140340286,0.23352280047031915,0.4367071433987015,0.36335587760390986,0.46023790430366207,0.44167278063096105,0.4583662714097495,0.37742749054224467,0.44999999999999996,0.27488303922511403,0.1921221945872305,0.36363636363636365,0.1343944099378882,0.38667907361455756,0.18018960113834526,0.43958940213621867,0.4590514679662426,0.12393162393162394,0.34354912764003664,0.4378738807391883,0.1543478260869565,0.4511051300872686,0.42900111015181275,0.28836541556176076,0.40510204081632645,0.4517092042889947,0.4781252614649474,0.35569985569985574,0.45211571772999365,0.46410216068806365,0.4999999999999999,0.47148922001165394,0.39655172413793105,0.4348666408967916,0.40766092080409155,0.4420745920745921,0.3318867554858934,0.3096894582414813,0.3968864468864468,0.3401899590387861,0.43911900065746223,0.443121693121693,0.4822700911350455,0.3674179737233412,0.4856020537863305,0.4676614235437765,0.36286269047535824,0.3135718120808365,0.41413504528258627,0.48289473684210515,0.4708333333333332,0.45248594751104654,0.39139344262295084,0.4784381826124946,0.3122063753495463,0.4657700872055952,0.2565334323295323,0.4861696744813627,0.4300588127672009,0.45351758793969854,0.3404507687492377,0.47659947691141025,0.23275862068965525,0.4786176901841108,0.35172760109965107,0.3159437490869199,0.45606020244055046,0.22681868334451305,0.23275862068965522,0.45814664101790425,0.460215810449374,0.4068147189998448,0.24737269370551984,0.22414629289410826,0.23275862068965525,0.48258622626671155,0.3168159513183454,0.2948492473456575,0.2970175879041159,0.3262691580089704,0.3733862859102617,0.29650395764686444
0.12468128505864362,0.19531597685803292,0.2597525461774035,0.3821765265675534,0.3278524561725733,0.21288182352828477,0.16087221830295628,0.16145139813581888,0.0,0.1360569715142429,0.4562962704694167,0.2775490580076242,0.18004693345185752,0.28766377264114096,0.13766639184510482,0.22568445631654566,0.298050639209576,0.2181902938232454,0.21475961755996087,0.18023332963583627,0.289296374122088,0.2597525461774035,0.37295863167781884,0.3097250916847367,0.36890188626616927,0.37742749054224467,0.41239661617394296,0.2613998604872072,0.21072071658667518,0.36363636363636365,0.15976773600091987,0.3396317648843712,0.28766377264114096,0.39757366944143446,0.41148591340153795,0.16991715622496895,0.33740421455938696,0.4117541768753296,0.14953830132286533,0.4444805148623191,0.2815903408751992,0.2613998604872072,0.4051020408163265,0.31318152891385287,0.35285968676291635,0.35569985569985574,0.42334634083057265,0.3337260866791565,0.4999999999999999,0.34278985458765876,0.39655172413793105,0.3986013986013984,0.260250151527478,0.3171980084753352,0.32432913137241814,0.26139986048720715,0.34314927253980976,0.2521338897026696,0.43911900065746223,0.4431216931216931,0.3542123984309016,0.3288803145020385,0.3544747971913131,0.4300042536345213,0.35800344234079173,0.2597525461774035,0.41413504528258627,0.39535116162848816,0.40276744382600604,0.305075178234433,0.39139344262295084,0.33973192214097425,0.2613998604872072,0.3991470655832905,0.2597525461774035,0.3466049189453686,0.28264804349058736,0.3204892394047569,0.2587779102895382,0.37293711521998807,0.2597525461774035,0.38729955376696035,0.25057362692902085,0.2428849178115916,0.3261192107930535,0.25913546257473596,0.25913546257473596,0.3208042288464936,0.31850237404071524,0.26078165903763084,0.25913546257473596,0.25913546257473596,0.25913546257473596,0.3854408202033416,0.25452387227396556,0.25913546257473596,0.25913546257473596,0.251026788306138,0.25245741575983605,0.25913546257473596
0.11376586376586384,0.22482245241747462,0.16193636029312886,0.4300591476669531,0.419275929549902,0.3206700928546602,0.1367924528301887,0.14679255303159355,0.1360569715142429,0.0,0.48885519090792995,0.3597145536915126,0.16028333703367081,0.2537344181423723,0.1178037309473624,0.12040263259775452,0.41508321595492526,0.11065573770491799,0.10168460103601606,0.20314460793905476,0.40632895086743703,0.33297768507264547,0.46023790430366207,0.4267576684300858,0.4583662714097495,0.37742749054224467,0.4499999999999999,0.24450484669384964,0.21570483382104133,0.36363636363636365,0.13498599406100098,0.3886562684247199,0.1771705254267233,0.43958940213621867,0.45905146796624263,0.14443744090765842,0.34354912764003664,0.43818996708696956,0.1263440860215055,0.4511051300872686,0.39862291762054836,0.25798722303049637,0.4051020408163265,0.42203886779546507,0.4698922635082655,0.35569985569985574,0.4549647205789964,0.45075866342450566,0.4999999999999999,0.45982243133300804,0.39655172413793105,0.4348666408967916,0.37728272827282716,0.43423058522068436,0.3318867554858933,0.2793112657102169,0.3977944152165114,0.30952373220670826,0.43911900065746223,0.44312169312169314,0.47124497517625075,0.3772940913835443,0.46311604224289665,0.4676614235437764,0.36286269047535824,0.28319361954957223,0.41413504528258627,0.48289473684210515,0.4708333333333332,0.4221077549797821,0.39139344262295084,0.4551751300268364,0.2818281828182818,0.4657700872055952,0.2261552397982679,0.46363749569071766,0.39968062023593653,0.437521816150106,0.31007257621797335,0.47659947691141025,0.22537080384991148,0.4780627628923414,0.3213494085683867,0.2863097246013665,0.4331118667249715,0.22121560783313815,0.22537080384991148,0.4277684484866398,0.42735971292232766,0.3764365264685803,0.22537080384991148,0.20377387673033795,0.22537080384991143,0.48258622626671155,0.2864377587870811,0.2619931498186112,0.26663939537285153,0.30725955216671286,0.3430080933789972,0.26612576511560004
0.48253362998321625,0.4102343765703833,0.48885519090792995,0.4173976927050449,0.39173789173789175,0.38609467455621305,0.4871889536256482,0.48885519090792995,0.4562962704694167,0.48885519090792995,0.0,0.37755102040816324,0.4505498507027894,0.48885519090792995,0.48885519090792995,0.48885519090792995,0.4730488509647519,0.48885519090792995,0.48885519090792995,0.41661388760939655,0.48885519090792995,0.48885519090792995,0.4581596250434703,0.48885519090792995,0.46014492753623193,0.37433281004709573,0.4260296628254374,0.48885519090792995,0.4027502543043364,0.3695324283559578,0.4601449275362318,0.2515577889447237,0.48885519090792995,0.44255255493079204,0.43173242288704294,0.48885519090792995,0.3601697923353535,0.26362407031778234,0.48885519090792995,0.3878504672897195,0.48885519090792995,0.48885519090792995,0.40000000000000013,0.4793578860321645,0.4601449275362318,0.3024953337285974,0.34498207885304666,0.48885519090792995,0.304776710005653,0.46984853354328915,0.3387851528781065,0.37986270022883306,0.48885519090792995,0.48182915093746526,0.29555501969295084,0.48885519090792995,0.2787859286652292,0.48885519090792995,0.3727272727272728,0.4029660796841723,0.46014492753623193,0.26910668594949366,0.4670527679207932,0.4524413529487039,0.31081031644411933,0.48885519090792995,0.3727272727272728,0.4560879771381916,0.4364447601162442,0.48885519090792995,0.4053254437869822,0.4832960876471051,0.48885519090792995,0.44528875379939215,0.48885519090792995,0.4636838125546207,0.48885519090792995,0.4887009274610714,0.48885519090792995,0.46014492753623193,0.48885519090792995,0.46014492753623193,0.48885519090792995,0.48885519090792995,0.48885519090792995,0.48885519090792995,0.48885519090792995,0.48885519090792995,0.48885519090792995,0.48885519090792995,0.48885519090792995,0.48885519090792995,0.48885519090792995,0.4575078254732978,0.48885519090792995,0.48885519090792995,0.48885519090792995,0.48885519090792995,0.48885519090792995,0.48885519090792995
0.3597145536915126,0.19031920749302467,0.3597145536915126,0.22938444381279377,0.21523249995031857,0.201601568721134,0.3597145536915126,0.3597145536915126,0.2775490580076242,0.3597145536915126,0.37755102040816324,0.0,0.2773629219219076,0.3597145536915126,0.3597145536915126,0.3597145536915126,0.33827589877584513,0.3597145536915126,0.3597145536915126,0.2091462689274326,0.3465521713354083,0.3465521713354084,0.33225753187921003,0.3465521713354084,0.30583126550868484,0.2298921595853003,0.23429627166806544,0.3465521713354084,0.23501241245220372,0.28541188935652684,0.33931316676050527,0.2924229074889868,0.3597145536915126,0.2661317278537085,0.23519757892098303,0.3597145536915126,0.27758352758352745,0.3593103448275863,0.3597145536915126,0.1979145312881806,0.3465521713354084,0.33623321123321126,0.21552385810704755,0.329659599993282,0.33623321123321126,0.2798040082522839,0.3787806557550719,0.33623321123321115,0.3993589743589743,0.32812105926860025,0.25135841170323936,0.22808745231816174,0.33623321123321126,0.3328873359463429,0.2780663518085045,0.3362332112332112,0.2574290055188637,0.33623321123321126,0.2322744930235679,0.21131425394013736,0.3255804885005704,0.27128204540539524,0.32965721807939785,0.3058312655086849,0.32215153267784846,0.3328679517204107,0.24966699966699968,0.28960626929284494,0.2746189674963522,0.3328679517204107,0.2077261676824662,0.3328679517204107,0.33623321123321115,0.2837921722707274,0.3328679517204107,0.32073718241045224,0.3328679517204107,0.3328679517204106,0.3328679517204107,0.3172345810528646,0.35971455369151273,0.3022920202582925,0.32965721807939796,0.32965721807939796,0.32965721807939785,0.32965721807939796,0.3341442902128874,0.32965721807939796,0.3328679517204107,0.32965721807939796,0.32965721807939796,0.32965721807939785,0.3597145536915126,0.3023379130035694,0.32965721807939796,0.3296572180793979,0.32965721807939796,0.32965721807939796,0.32965721807939796,0.32965721807939796
0.16901712242757316,0.13010204081632648,0.2532172363770281,0.3831830105488372,0.3288589401538571,0.21388830750956855,0.19284724430204325,0.14640428529532978,0.18004693345185752,0.16028333703367081,0.4505498507027894,0.2773629219219076,0.0,0.29023961332588577,0.17431376477659788,0.21167069766237345,0.29905712319085986,0.2164430085431441,0.2137531335786771,0.16692242114236988,0.29030285810337175,0.25887988209285195,0.3739651156591026,0.3107315756660205,0.36990837024745304,0.37742749054224467,0.41340310015522674,0.2661756274776761,0.19165302264289885,0.3636363636363636,0.15879917184265002,0.32850253452777967,0.28787033636863435,0.3985801534227182,0.41249239738282184,0.16891067224368514,0.33740421455938696,0.4060077571087024,0.17418670983657103,0.44548699884360293,0.28259682485648285,0.2661756274776761,0.40510204081632645,0.3286379400385777,0.3538661707442001,0.35569985569985574,0.41759992106394533,0.33473257066044015,0.4999999999999999,0.34379633856894265,0.39655172413793105,0.3986013986013984,0.26125663550876177,0.31820449245661897,0.3214090602647868,0.2661756274776761,0.3374028527731825,0.25789772454072313,0.43911900065746223,0.4431216931216932,0.35521888241218524,0.3188516467931617,0.3680988645379335,0.4310107376158052,0.35800344234079173,0.25887988209285195,0.4141350452825862,0.3963576456097718,0.4078612698876576,0.30814633491804533,0.39139344262295084,0.35365691293636736,0.2661756274776761,0.40987419028235716,0.25887988209285195,0.35529766471578306,0.28365452747187114,0.3334934642810117,0.25887988209285195,0.3803454374245758,0.25854395155662657,0.39139719637092296,0.24884271514085854,0.24172556707778745,0.3281937950599132,0.25854395155662657,0.25854395155662657,0.33352585116028377,0.3339587851654401,0.2680187916808734,0.25854395155662657,0.25854395155662657,0.25854395155662657,0.3987201956289447,0.2581521739130434,0.25854395155662657,0.25854395155662657,0.24810897228108902,0.25815217391304346,0.25854395155662657
0.2500788722184838,0.3274760596663494,0.11652695415525738,0.43005914766695297,0.419275929549902,0.33584129080765424,0.20900999629843786,0.21244865516615352,0.28766377264114096,0.2537344181423723,0.48885519090792995,0.3597145536915126,0.29023961332588577,0.0,0.24612452807987326,0.1559605319605319,0.4614313137934264,0.15603966128682056,0.15679716163941237,0.31455734735091456,0.43817204301075263,0.431763810352327,0.46023790430366207,0.44167278063096105,0.4583662714097495,0.37742749054224467,0.4499999999999999,0.42725347852389584,0.28092955933555364,0.36363636363636365,0.2833731327158765,0.462272428164071,0.0995798319327732,0.4395894021362186,0.45905146796624263,0.20115363193238878,0.34354912764003676,0.4632667965973407,0.2078059071729958,0.4511051300872686,0.4562327445843365,0.4278521481937392,0.4051020408163265,0.4538461538461537,0.4781252614649474,0.35569985569985574,0.4893943041720584,0.46410216068806365,0.4999999999999999,0.47148922001165394,0.39655172413793105,0.4348666408967916,0.4510956034882081,0.4420745920745921,0.4168197586106565,0.45822524249943597,0.4841623036649213,0.461234687298517,0.43911900065746223,0.44312169312169314,0.4822700911350455,0.4447671932157835,0.4856020537863305,0.4676614235437765,0.36286269047535835,0.43429217840982537,0.41413504528258627,0.48289473684210515,0.4708333333333332,0.47195021790052105,0.39139344262295084,0.480617835274619,0.4425076452599388,0.4657700872055952,0.42654606713269094,0.4861696744813627,0.45521048999309854,0.4859877913429521,0.4428300901136214,0.47659947691141025,0.3032351840956015,0.4786176901841108,0.44031981696759925,0.44064430714916136,0.47694728601964576,0.41957654046377413,0.4012150229807071,0.47677238805970146,0.48353268345194655,0.46218883951394063,0.41408694105809407,0.39219490402198187,0.22883410617918143,0.48258622626671155,0.44326937894899054,0.45653690326032936,0.4542602837098618,0.4489104069956107,0.4650865574532357,0.43633336696599734
0.09722222222222232,0.23151040872931206,0.1456935932710557,0.4300591476669531,0.419275929549902,0.3169951713009546,0.13559322033898308,0.15269461077844315,0.13766639184510482,0.1178037309473624,0.48885519090792995,0.3597145536915126,0.17431376477659788,0.24612452807987326,0.0,0.13024869417312435,0.39632692856148,0.119173203172524,0.11648332820805696,0.20934230116627633,0.3875726634739919,0.3142213976792002,0.46023790430366207,0.4080013810366405,0.4583662714097495,0.37742749054224467,0.44999999999999996,0.22574855930040438,0.2222131670061952,0.3636363636363636,0.14838113986914248,0.39803183791606367,0.19060053099801416,0.43958940213621855,0.45905146796624263,0.1526982247182298,0.34354912764003664,0.44779547842205547,0.12068965517241392,0.4511051300872686,0.3798666302271031,0.2392309356370511,0.40510204081632645,0.4444881307368309,0.454802013843412,0.35569985569985574,0.4634441285093309,0.43235607916815977,0.4999999999999999,0.4546737212377101,0.39655172413793105,0.4348666408967916,0.3585264408793819,0.4333034551155357,0.3318867554858933,0.26055497831677166,0.4073999265515973,0.32978312445310554,0.4391190006574622,0.44312169312169314,0.4524886877828054,0.3812850946943618,0.4807758620689655,0.4676614235437765,0.3628626904753583,0.2921693502966516,0.41413504528258627,0.48289473684210515,0.47076579708023847,0.4239965256162985,0.39139344262295084,0.46950710363462056,0.26307189542483667,0.4657700872055952,0.2327195714739747,0.46940607939000867,0.3809243328424913,0.4493436549792649,0.30506445472245747,0.471213404571892,0.22166856756055042,0.4747200263504612,0.3374662221131446,0.3085329085606092,0.44981219401167327,0.22108678227099288,0.22166856756055042,0.44937604185853697,0.4498089758636934,0.3951600473051744,0.22166856756055042,0.2230528477227744,0.22166856756055042,0.4760684347945582,0.26768147139363585,0.28444241275997695,0.2542115692901869,0.32558733782436333,0.32425180598555203,0.28495745375652226
0.1288172469543163,0.315943341046956,0.0846789025359811,0.430059147666953,0.419275929549902,0.33584129080765424,0.1398225957049486,0.1195351160687249,0.22568445631654566,0.12040263259775452,0.48885519090792995,0.3597145536915126,0.21167069766237345,0.1559605319605319,0.13024869417312435,0.0,0.4614313137934264,0.10787849222085844,0.10928172011537354,0.29878921283736276,0.43817204301075263,0.42862228997095353,0.46023790430366207,0.44167278063096105,0.4583662714097495,0.37742749054224467,0.44999999999999996,0.3401494515921577,0.26408898377559364,0.3636363636363636,0.1524622932208317,0.4065638096637989,0.13194262414445895,0.43958940213621867,0.45905146796624263,0.10544690087060005,0.34354912764003676,0.46253182133765347,0.1313932980599647,0.4511051300872686,0.4562327445843365,0.35363182792880443,0.4051020408163265,0.4538461538461537,0.4781252614649474,0.3556998556998557,0.4893943041720584,0.46410216068806365,0.4999999999999999,0.47148922001165394,0.39655172413793094,0.4348666408967915,0.44449598021026593,0.4420745920745921,0.3584365825745137,0.374955870608525,0.44008964553006,0.42416097894667315,0.43911900065746223,0.443121693121693,0.4822700911350455,0.38883719198987565,0.4856020537863305,0.4676614235437765,0.36286269047535824,0.3865472047902192,0.41413504528258627,0.48289473684210515,0.4708333333333332,0.4706204871203268,0.39139344262295084,0.480617835274619,0.37747278771659,0.4657700872055952,0.3270974259675423,0.4861696744813627,0.45521048999309854,0.4859877913429521,0.4057171811162813,0.47659947691141025,0.2051296258084896,0.4786176901841108,0.42504023024076243,0.3941038909101635,0.47694728601964576,0.29054377508239,0.26709685911372105,0.47677238805970146,0.48353268345194655,0.4619911916437346,0.3126391060725634,0.30469544422511685,0.2047800315812044,0.48258622626671155,0.38208236368538917,0.37882026725354456,0.3622840002711596,0.4102401779168574,0.43865269827730524,0.3745747310030798
0.3923725844228695,0.23361730013106147,0.4614313137934264,0.2015951253939462,0.25670689519653234,0.27027966327331243,0.45892285751253237,0.44546140848618965,0.298050639209576,0.41508321595492526,0.4730488509647519,0.33827589877584513,0.29905712319085986,0.4614313137934264,0.39632692856148,0.4614313137934264,0.0,0.4614313137934264,0.4614313137934264,0.21697697935012303,0.15248457216542322,0.20129198593845776,0.16602357732205963,0.1321840410901316,0.15953525641025645,0.2545381264542176,0.19801120448179277,0.22766003837432408,0.2567066137211559,0.2978946209181792,0.3582655276324016,0.3867859433514602,0.4614313137934264,0.20014395246808334,0.2214881861996003,0.4614313137934264,0.33740421455938696,0.4378738807391884,0.44758894053244147,0.2656897486051758,0.15834649596807715,0.24728239124790385,0.2516066430689492,0.3977726227091887,0.4080865058157698,0.3427917940980313,0.44931090349660774,0.3856405711405175,0.4999999999999999,0.40795821321006775,0.3566867359970808,0.39860139860139854,0.2816589386107611,0.38658794708789346,0.3336922041523347,0.22766003837432414,0.3805301067795537,0.2830676164254632,0.3528478057889822,0.41593619205559507,0.4107982266352517,0.3774938820063054,0.43793663215007794,0.46253843653908655,0.35800344234079173,0.24545384226900935,0.38737287948644417,0.4426602368735597,0.4606310500513049,0.3772810175886563,0.3810728744939271,0.42319375709973894,0.24728239124790385,0.46055994423791824,0.22766003837432408,0.424432347386394,0.3317685172684637,0.40262814695162263,0.257427063515245,0.4494801200951868,0.3392162725457517,0.4637231448808412,0.29075071408550235,0.25432835167426904,0.40113049379787413,0.22659055328527067,0.24494925369523446,0.40266053383089484,0.40309346783605116,0.34095549041883433,0.22659055328527067,0.22978053115310665,0.41361735046217185,0.46785487829955574,0.21818592422693928,0.2377269047323347,0.22659055328527067,0.27427612891235365,0.262130454951255,0.23348136848186996
0.12312754731113451,0.3207156519277268,0.08863933239891708,0.4300591476669531,0.419275929549902,0.33584129080765424,0.13227549889135257,0.1411666906135184,0.2181902938232454,0.11065573770491799,0.48885519090792995,0.3597145536915126,0.2164430085431441,0.15603966128682056,0.119173203172524,0.10787849222085844,0.4614313137934264,0.0,0.08394383394383387,0.3035615237181335,0.43817204301075263,0.431763810352327,0.46023790430366207,0.44167278063096105,0.4583662714097495,0.3774274905422446,0.44999999999999996,0.3449217624729284,0.2637091539450772,0.36363636363636365,0.1572346041016024,0.4102023871302545,0.11914965320444158,0.43958940213621867,0.4590514679662426,0.13839449797222136,0.34354912764003676,0.46253182133765347,0.11548999681173286,0.4511051300872685,0.4562327445843365,0.3584041388095751,0.4051020408163265,0.4538461538461537,0.4781252614649474,0.35569985569985574,0.4893943041720584,0.46410216068806365,0.4999999999999999,0.47148922001165394,0.39655172413793105,0.4348666408967916,0.44449598021026593,0.4420745920745921,0.35920203257854233,0.37972818148929566,0.4437282229965156,0.4166668164533728,0.43911900065746223,0.44312169312169314,0.4822700911350455,0.38883719198987565,0.4856020537863305,0.4676614235437765,0.36286269047535835,0.38361053532865097,0.41413504528258627,0.48289473684210515,0.4708333333333332,0.47195021790052105,0.39139344262295084,0.480617835274619,0.38224509859736056,0.4657700872055952,0.32657215557734665,0.4861696744813627,0.45521048999309854,0.4859877913429521,0.410489491997052,0.47659947691141025,0.2082547032804517,0.4786176901841108,0.42434991411341194,0.38724184826515073,0.47694728601964576,0.2926252155564248,0.2705508780387695,0.47677238805970146,0.48353268345194655,0.4619911916437346,0.3174114169533342,0.30176178742731596,0.2082547032804517,0.48258622626671155,0.38685467456615985,0.3713261047602443,0.36705631115193027,0.40555793030296716,0.44342500915807603,0.36708056850977955
0.12043767234666747,0.3180257769632596,0.08952443164567445,0.43005914766695297,0.419275929549902,0.33584129080765424,0.12692144165358454,0.14407782140340286,0.21475961755996087,0.10168460103601606,0.48885519090792995,0.3597145536915126,0.2137531335786771,0.15679716163941237,0.11648332820805696,0.10928172011537354,0.4614313137934264,0.08394383394383387,0.0,0.30087164875366645,0.43817204301075263,0.43070472588725717,0.46023790430366207,0.44167278063096105,0.4583662714097495,0.37742749054224467,0.44999999999999996,0.34223188750846134,0.26059313368617687,0.36363636363636365,0.15454472913713532,0.4068866861489694,0.11192533555440387,0.43958940213621867,0.45905146796624263,0.1413538887920049,0.34354912764003676,0.46253182133765347,0.11426437640029874,0.4511051300872686,0.4562327445843365,0.35571426384510807,0.4051020408163265,0.4538461538461537,0.4781252614649474,0.3556998556998556,0.4893943041720584,0.46410216068806365,0.4999999999999999,0.47148922001165394,0.39655172413793105,0.4348666408967915,0.44449598021026593,0.4420745920745921,0.3594925128149933,0.3770383065248286,0.4404125220152305,0.40901846254775587,0.4391190006574621,0.44312169312169314,0.4822700911350455,0.38883719198987565,0.4856020537863305,0.4676614235437765,0.36286269047535835,0.3809206603641839,0.41413504528258627,0.48289473684210515,0.4708333333333332,0.47195021790052105,0.39139344262295084,0.480617835274619,0.3795552236328936,0.4657700872055952,0.3238822806128796,0.4861696744813627,0.45521048999309854,0.4859877913429521,0.40779961703258494,0.47659947691141025,0.2029704156760489,0.4786176901841108,0.41907644938299826,0.3832925973702672,0.47694728601964576,0.2899353405919578,0.2678610030743025,0.47677238805970146,0.48353268345194655,0.4609842688007887,0.31472154198886715,0.2928563960501338,0.2029704156760489,0.48258622626671155,0.3841647996016927,0.3636777508546273,0.3643664361874632,0.3953908861517227,0.440735134193609,0.36385280593021174
0.18841317329406268,0.1757518796992481,0.31455734735091456,0.2960644953738478,0.24174042497886772,0.17708740043729498,0.2469842494966618,0.23352280047031915,0.18023332963583627,0.20314460793905476,0.41661388760939655,0.2091462689274326,0.16692242114236988,0.31455734735091456,0.20934230116627633,0.29878921283736276,0.21697697935012303,0.3035615237181335,0.30087164875366645,0.0,0.2174062103321759,0.2887708290515249,0.28684660048411326,0.22361306049103113,0.2827898550724637,0.37742749054224467,0.3262845849802374,0.28877082905152496,0.20130143107985296,0.36363636363636365,0.1463269196165311,0.33142704517704513,0.31455734735091456,0.3114616382477289,0.3253738822078325,0.25602918741867453,0.33161672908863915,0.3809060895084373,0.23565033251657097,0.35836848366861357,0.22623755397223289,0.27506523085650303,0.36562151616499416,0.25464125331700327,0.26674765556921076,0.35569985569985574,0.39725004149836773,0.24761405548545085,0.49580223880597013,0.26482684381788246,0.3927030802780429,0.3579461573528189,0.26323110766045554,0.24345657769570805,0.2995701387194263,0.27506523085650303,0.30866192630898515,0.275065230856503,0.3933793127456968,0.39187938411343826,0.268100367237196,0.32647862567116626,0.3061874060437788,0.3463421879342594,0.35800344234079173,0.27311381721442685,0.40379543619798497,0.30923913043478257,0.33480389168534397,0.24887307414540205,0.39139344262295084,0.2914445309934398,0.27506523085650303,0.33587750356078283,0.27311381721442696,0.28292280123278224,0.257186607369859,0.25949677755943723,0.27311381721442696,0.3063487507030014,0.2698036926994908,0.33197391877454197,0.2698036926994908,0.2698036926994908,0.269381267691575,0.2698036926994908,0.2698036926994908,0.26334358588691187,0.25996209844386575,0.2516317817277023,0.2698036926994908,0.2698036926994908,0.2698036926994908,0.3341584089750389,0.2698036926994908,0.2698036926994908,0.2698036926994907,0.2698036926994908,0.26980369269949067,0.2698036926994908
