0.0,0.46528020328473596,0.05063795853269526,0.03789080211633111,0.1002720231244476,0.46528020328473596,0.46528020328473596,0.46528020328473596,0.46528020328473596,0.46528020328473596,0.46528020328473596,0.46528020328473596,0.46528020328473596,0.46528020328473596,0.25,0.46528020328473596,0.020394736842105243,0.46528020328473596,0.46528020328473596,0.2180607223137443,0.12171594546764553,0.09427440773902651,0.9638486699146824,0.755874148168326,0.11970757941279975,0.811745557047967,0.5916091557845924,0.09174874155666957,0.46528020328473596,0.9484908136482939,0.46528020328473596,0.7002583228938355,0.46528020328473596,0.09354916709243266,0.059840633307107316,0.46528020328473596,0.4541263267753254,0.46528020328473596,0.46528020328473596,0.424188575791451,0.11403533255032983,0.5038891393867628,0.11606528916336667,0.5115654964977274,0.5018702513150204,0.49536395272754663,0.62608377413668,0.507190955638742,0.49659300059546374,0.5096984807666345,0.4942313755903873,0.8329008078921687,0.48421388292158973,0.5047963400236126,0.5042308883644284,0.519002490263567,0.636563210554145,0.5067270613164025,0.8369321337780704,0.4904426724786224,0.47026109793843196,0.9054459203036054,0.5202556829189058,0.8726674057942789,0.48811312828417464,0.8534180051067812,0.5015033084261629,0.9141913618132869,0.8320117572469377,0.5086226362399304,0.8965658696671355,0.5024171727596289,0.48372125191472204,0.8718894956154575,0.5157597267397294,0.5076333495790639,0.9078918683235231,0.4962613144431326,0.49571979744393546,0.47998710658918564,0.5113897388772262,0.5065191168997927,0.5032387420137836,0.510115496151547,0.5031050403244428,0.5078214041486209,0.508086012524525,0.5115102595921783,0.5110402184261107,0.5087142622106877,0.494786705091496,0.5026090707289619,0.5169632657524332,0.5092253543814349,0.5067772818251057,0.5139877437681528,0.5014077809370017,0.5097117718405053,0.5089270623254636,0.5106890703696054
0.46528020328473596,0.0,0.43184885290148456,0.4666909866427209,0.4167675683458888,0.021575678326250403,0.022522522522522515,0.02962833099579243,0.03556265956908211,0.019767441860465196,0.021460423634336645,0.03749999999999998,0.029168959823885565,0.0259571706683972,0.3886373088119772,0.021512113617376816,0.47132082396807085,0.020345040049291385,0.026721851643494388,0.3590441789385941,0.5001117830566819,0.4824587294682988,0.9638486699146824,0.8197646661503304,0.5001339929911359,0.8411604333735481,0.7436605387527897,0.5077654193581265,0.034485955316584826,0.9484908136482939,0.035146189971216546,0.7967823731665178,0.022326674500587562,0.48170919609210316,0.47786938738369333,0.016921269095182212,0.521338742233576,0.03144409937888204,0.025259490455106337,0.6897316695212463,0.5112838835459148,0.5279111130470135,0.4917729591836735,0.524337491643365,0.5073368880605063,0.5346496101747982,0.7603602135202314,0.5275307321166351,0.5212811079235442,0.5258426995259122,0.5280492526782066,0.8546327051329181,0.5135956367840426,0.5062065478459308,0.5171121793456666,0.5308912360930995,0.7586332031358209,0.5103863178705164,0.853857041755131,0.5158725952397778,0.5123295219788346,0.9054459203036054,0.5215986278823503,0.8788352142855365,0.5192316741972667,0.8768058597724275,0.5390087423411334,0.9141913618132869,0.8610073275134282,0.5274383219074503,0.8965658696671355,0.523246862765919,0.5213936014984004,0.8769862587503241,0.5253835042225439,0.5220763047662176,0.9078918683235231,0.5350788128200246,0.49870518060899793,0.5075983717774761,0.5161782262661552,0.5148655521788472,0.5220135169794862,0.5107202546696983,0.5115629632900152,0.5155732925486176,0.5085095912322879,0.511758718835567,0.5213101243804696,0.5126198766657191,0.5174596460873839,0.5199505218638354,0.5186661889229349,0.5149665507314609,0.508019976906918,0.5200827968221684,0.5176043095809162,0.5236165042251553,0.5122924340921713,0.51846110854409
0.05063795853269526,0.43184885290148456,0.0,0.054115544350138656,0.08404728089064006,0.43184885290148456,0.43184885290148456,0.43184885290148456,0.43184885290148456,0.43184885290148456,0.43184885290148456,0.43184885290148456,0.43184885290148456,0.43184885290148456,0.25,0.43184885290148456,0.054490038655961914,0.43184885290148456,0.43184885290148456,0.20183598007993675,0.13794068770145307,0.11049914997283405,0.9638486699146824,0.7720988904021335,0.1359323216466073,0.8279702992817746,0.6078338980183999,0.10797348379047711,0.43184885290148456,0.9484908136482939,0.43184885290148456,0.716483065127643,0.43184885290148456,0.1097739093262402,0.07606537554091486,0.43184885290148456,0.4541263267753254,0.43184885290148456,0.43184885290148456,0.4404133180252585,0.13026007478413737,0.5038891393867628,0.1322900313971742,0.5115654964977274,0.5018702513150204,0.49536395272754663,0.6423085163704876,0.507190955638742,0.49659300059546374,0.5096984807666345,0.4942313755903873,0.8491255501259762,0.48421388292158973,0.5047963400236126,0.5042308883644284,0.519002490263567,0.6527879527879525,0.5067270613164025,0.853156876011878,0.4904426724786224,0.47026109793843196,0.9054459203036054,0.5202556829189058,0.8788352142855365,0.48811312828417464,0.8696427473405888,0.5015033084261629,0.9141913618132869,0.8482364994807452,0.5086226362399304,0.8965658696671355,0.5024171727596289,0.48372125191472204,0.8769862587503241,0.5157597267397294,0.5076333495790639,0.9078918683235231,0.4962613144431326,0.49571979744393546,0.47998710658918564,0.5113897388772262,0.5065191168997927,0.5032387420137836,0.510115496151547,0.5031050403244428,0.5078214041486209,0.508086012524525,0.5115102595921783,0.5110402184261107,0.5087142622106877,0.494786705091496,0.5026090707289619,0.5169632657524332,0.5092253543814349,0.5067772818251057,0.5139877437681528,0.5014077809370017,0.5097117718405053,0.5089270623254636,0.5106890703696054
0.03789080211633111,0.4666909866427209,0.054115544350138656,0.0,0.13816282524077872,0.4666909866427209,0.4666909866427209,0.4666909866427209,0.4666909866427209,0.4666909866427209,0.4666909866427209,0.4666909866427209,0.4666909866427209,0.4666909866427209,0.25,0.4666909866427209,0.038921315523627875,0.4666909866427209,0.4666909866427209,0.2559515244300754,0.08382514335131441,0.0563836056226954,0.9638486699146824,0.7179833460519949,0.08181677729646863,0.7738547549316359,0.5537183536682613,0.053857939440338454,0.4666909866427209,0.9484908136482939,0.4666909866427209,0.6623675207775044,0.4666909866427209,0.05565836497610155,0.02614379084967322,0.4666909866427209,0.4541263267753254,0.4666909866427209,0.4666909866427209,0.38629777367511986,0.07614453043399871,0.5038891393867628,0.07817448704703556,0.5115654964977274,0.5018702513150204,0.49536395272754663,0.5881929720203489,0.507190955638742,0.49659300059546374,0.5096984807666345,0.4942313755903873,0.7950100057758376,0.48421388292158973,0.5047963400236126,0.5042308883644284,0.519002490263567,0.5986724084378139,0.5067270613164025,0.7990413316617393,0.4904426724786224,0.47026109793843196,0.880622450103226,0.5202556829189058,0.8347766036779478,0.48811312828417464,0.8155272029904501,0.5015033084261629,0.8804942855035414,0.7941209551306065,0.5086226362399304,0.8764689062073354,0.5024171727596289,0.48372125191472204,0.8339986934991264,0.5157597267397294,0.5076333495790639,0.901228631857347,0.4962613144431326,0.49571979744393546,0.47998710658918564,0.5113897388772262,0.5065191168997927,0.5032387420137836,0.510115496151547,0.5031050403244428,0.5078214041486209,0.508086012524525,0.5115102595921783,0.5110402184261107,0.5087142622106877,0.494786705091496,0.5026090707289619,0.5169632657524332,0.5092253543814349,0.5067772818251057,0.5139877437681528,0.5014077809370017,0.5097117718405053,0.5089270623254636,0.5106890703696054
0.1002720231244476,0.4167675683458888,0.08404728089064006,0.13816282524077872,0.0,0.4167675683458888,0.4167675683458888,0.4167675683458888,0.4167675683458888,0.4167675683458888,0.4167675683458888,0.4167675683458888,0.4167675683458888,0.4167675683458888,0.25,0.4167675683458888,0.10850118436785072,0.4167675683458888,0.4167675683458888,0.11778869918929669,0.22198796859209313,0.19454643086347412,0.9638486699146824,0.8197646661503304,0.21997960253724735,0.8411604333735481,0.69188117890904,0.19202076468111717,0.4167675683458888,0.9484908136482939,0.4167675683458888,0.7967823731665178,0.4167675683458888,0.19382119021688027,0.16011265643155492,0.4167675683458888,0.4541263267753254,0.4167675683458888,0.4167675683458888,0.5244605989158986,0.21430735567477743,0.5038891393867628,0.21633731228781428,0.5115654964977274,0.5018702513150204,0.49536395272754663,0.7263557972611276,0.507190955638742,0.49659300059546374,0.5096984807666345,0.4942313755903873,0.8546327051329181,0.48421388292158973,0.5047963400236126,0.5042308883644284,0.519002490263567,0.7368352336785926,0.5067270613164025,0.853857041755131,0.4904426724786224,0.47026109793843196,0.9054459203036054,0.5202556829189058,0.8788352142855365,0.48811312828417464,0.8768058597724275,0.5015033084261629,0.9141913618132869,0.8610073275134282,0.5086226362399304,0.8965658696671355,0.5024171727596289,0.48372125191472204,0.8769862587503241,0.5157597267397294,0.5076333495790639,0.9078918683235231,0.4962613144431326,0.49571979744393546,0.47998710658918564,0.5113897388772262,0.5065191168997927,0.5032387420137836,0.510115496151547,0.5031050403244428,0.5078214041486209,0.508086012524525,0.5115102595921783,0.5110402184261107,0.5087142622106877,0.494786705091496,0.5026090707289619,0.5169632657524332,0.5092253543814349,0.5067772818251057,0.5139877437681528,0.5014077809370017,0.5097117718405053,0.5089270623254636,0.5106890703696054
0.46528020328473596,0.021575678326250403,0.43184885290148456,0.4666909866427209,0.4167675683458888,0.0,0.02662037037037035,0.02438915641162831,0.023048070933453513,0.029180540140584466,0.024135220125786172,0.035337552742616074,0.018821839080459757,0.01911764705882346,0.3886373088119772,0.0269905533063427,0.47132082396807085,0.017046074402705558,0.021939105062699027,0.3590441789385941,0.5001117830566819,0.4824587294682988,0.9638486699146824,0.8197646661503304,0.5001339929911359,0.8411604333735481,0.7436605387527897,0.5077654193581265,0.02691876845785668,0.9484908136482939,0.021582733812949617,0.7967823731665178,0.019562432245984085,0.48170919609210316,0.47786938738369333,0.02298265460030169,0.521338742233576,0.030250648228176358,0.021147321076303904,0.6897316695212463,0.5112838835459148,0.5279111130470135,0.4917729591836735,0.524337491643365,0.5073368880605063,0.5346496101747982,0.7603602135202314,0.5275307321166351,0.5212811079235442,0.5258426995259122,0.5280492526782066,0.8546327051329181,0.5135956367840426,0.5062065478459308,0.5171121793456666,0.5308912360930995,0.7586332031358209,0.5103863178705164,0.853857041755131,0.5158725952397778,0.5123295219788346,0.9054459203036054,0.5215986278823503,0.8788352142855365,0.5192316741972667,0.8768058597724275,0.5390087423411334,0.9141913618132869,0.8610073275134282,0.5274383219074503,0.8965658696671355,0.523246862765919,0.5213936014984004,0.8769862587503241,0.5253835042225439,0.5220763047662176,0.9078918683235231,0.5350788128200246,0.49870518060899793,0.5075983717774761,0.5161782262661552,0.5148655521788472,0.5220135169794862,0.5107202546696983,0.5115629632900152,0.5155732925486176,0.5085095912322879,0.511758718835567,0.5213101243804696,0.5126198766657191,0.5174596460873839,0.5199505218638354,0.5186661889229349,0.5149665507314609,0.508019976906918,0.5200827968221684,0.5176043095809162,0.5236165042251553,0.5122924340921713,0.51846110854409
0.46528020328473596,0.022522522522522515,0.43184885290148456,0.4666909866427209,0.4167675683458888,0.02662037037037035,0.0,0.022522522522522515,0.031632460930145045,0.022522522522522515,0.022522522522522515,0.03749999999999998,0.022522522522522515,0.022522522522522515,0.3886373088119772,0.029268292682926855,0.47132082396807085,0.022522522522522515,0.026575433175146213,0.3590441789385941,0.5001117830566819,0.4824587294682988,0.9638486699146824,0.8197646661503304,0.5001339929911359,0.8411604333735481,0.7436605387527897,0.5077654193581265,0.029661016949152463,0.9484908136482939,0.02946127946127941,0.7967823731665178,0.023143523143523193,0.48170919609210316,0.47786938738369333,0.02302082060057853,0.521338742233576,0.036772983114446545,0.021943248430772333,0.6897316695212463,0.5112838835459148,0.5279111130470135,0.4917729591836735,0.524337491643365,0.5073368880605063,0.5346496101747982,0.7603602135202314,0.5275307321166351,0.5212811079235442,0.5258426995259122,0.5280492526782066,0.8546327051329181,0.5135956367840426,0.5062065478459308,0.5171121793456666,0.5308912360930995,0.7586332031358209,0.5103863178705164,0.853857041755131,0.5158725952397778,0.5123295219788346,0.9054459203036054,0.5215986278823503,0.8788352142855365,0.5192316741972667,0.8768058597724275,0.5390087423411334,0.9141913618132869,0.8610073275134282,0.5274383219074503,0.8965658696671355,0.523246862765919,0.5213936014984004,0.8769862587503241,0.5253835042225439,0.5220763047662176,0.9078918683235231,0.5350788128200246,0.49870518060899793,0.5075983717774761,0.5161782262661552,0.5148655521788472,0.5220135169794862,0.5107202546696983,0.5115629632900152,0.5155732925486176,0.5085095912322879,0.511758718835567,0.5213101243804696,0.5126198766657191,0.5174596460873839,0.5199505218638354,0.5186661889229349,0.5149665507314609,0.508019976906918,0.5200827968221684,0.5176043095809162,0.5236165042251553,0.5122924340921713,0.51846110854409
0.46528020328473596,0.02962833099579243,0.43184885290148456,0.4666909866427209,0.4167675683458888,0.02438915641162831,0.022522522522522515,0.0,0.03787056078005502,0.022075222075222056,0.01173497021122949,0.03749999999999998,0.02329004329004336,0.019397260273972594,0.3886373088119772,0.042893187552565215,0.47132082396807085,0.01761757334512759,0.02418354692021496,0.3590441789385941,0.5001117830566819,0.4824587294682988,0.9638486699146824,0.8197646661503304,0.5001339929911359,0.8411604333735481,0.7436605387527897,0.5077654193581265,0.01606981704815824,0.9484908136482939,0.016676195921478953,0.7967823731665178,0.01809301809301811,0.48170919609210316,0.47786938738369333,0.014029644031907984,0.521338742233576,0.04567307692307693,0.015625,0.6897316695212463,0.5112838835459148,0.5279111130470135,0.4917729591836735,0.524337491643365,0.5073368880605063,0.5346496101747982,0.7603602135202314,0.5275307321166351,0.5212811079235442,0.5258426995259122,0.5280492526782066,0.8546327051329181,0.5135956367840426,0.5062065478459308,0.5171121793456666,0.5308912360930995,0.7586332031358209,0.5103863178705164,0.853857041755131,0.5158725952397778,0.5123295219788346,0.9054459203036054,0.5215986278823503,0.8788352142855365,0.5192316741972667,0.8768058597724275,0.5390087423411334,0.9141913618132869,0.8610073275134282,0.5274383219074503,0.8965658696671355,0.523246862765919,0.5213936014984004,0.8769862587503241,0.5253835042225439,0.5220763047662176,0.9078918683235231,0.5350788128200246,0.49870518060899793,0.5075983717774761,0.5161782262661552,0.5148655521788472,0.5220135169794862,0.5107202546696983,0.5115629632900152,0.5155732925486176,0.5085095912322879,0.511758718835567,0.5213101243804696,0.5126198766657191,0.5174596460873839,0.5199505218638354,0.5186661889229349,0.5149665507314609,0.508019976906918,0.5200827968221684,0.5176043095809162,0.5236165042251553,0.5122924340921713,0.51846110854409
0.46528020328473596,0.03556265956908211,0.43184885290148456,0.4666909866427209,0.4167675683458888,0.023048070933453513,0.031632460930145045,0.03787056078005502,0.0,0.02212324228815432,0.03787056078005502,0.03749999999999998,0.017989563306783918,0.03125271153952347,0.3886373088119772,0.027560197272991083,0.47132082396807085,0.03230790841410314,0.02661857768730369,0.3590441789385941,0.5001117830566819,0.4824587294682988,0.9638486699146824,0.8197646661503304,0.5001339929911359,0.8411604333735481,0.7436605387527897,0.5077654193581265,0.03291494961569519,0.9484908136482939,0.029924263466844403,0.7967823731665178,0.03787056078005502,0.48170919609210316,0.47786938738369333,0.03787056078005502,0.521338742233576,0.023953446409238466,0.025824086161879922,0.6897316695212463,0.5112838835459148,0.5279111130470135,0.4917729591836735,0.524337491643365,0.5073368880605063,0.5346496101747982,0.7603602135202314,0.5275307321166351,0.5212811079235442,0.5258426995259122,0.5280492526782066,0.8546327051329181,0.5135956367840426,0.5062065478459308,0.5171121793456666,0.5308912360930995,0.7586332031358209,0.5103863178705164,0.853857041755131,0.5158725952397778,0.5123295219788346,0.9054459203036054,0.5215986278823503,0.8788352142855365,0.5192316741972667,0.8768058597724275,0.5390087423411334,0.9141913618132869,0.8610073275134282,0.5274383219074503,0.8965658696671355,0.523246862765919,0.5213936014984004,0.8769862587503241,0.5253835042225439,0.5220763047662176,0.9078918683235231,0.5350788128200246,0.49870518060899793,0.5075983717774761,0.5161782262661552,0.5148655521788472,0.5220135169794862,0.5107202546696983,0.5115629632900152,0.5155732925486176,0.5085095912322879,0.511758718835567,0.5213101243804696,0.5126198766657191,0.5174596460873839,0.5199505218638354,0.5186661889229349,0.5149665507314609,0.508019976906918,0.5200827968221684,0.5176043095809162,0.5236165042251553,0.5122924340921713,0.51846110854409
0.46528020328473596,0.019767441860465196,0.43184885290148456,0.4666909866427209,0.4167675683458888,0.029180540140584466,0.022522522522522515,0.022075222075222056,0.02212324228815432,0.0,0.022075222075222056,0.033333333333333326,0.018592480374604037,0.019767441860465196,0.3886373088119772,0.03313391624482287,0.47132082396807085,0.019819294666277965,0.023357514019653247,0.3590441789385941,0.5001117830566819,0.4824587294682988,0.9638486699146824,0.8197646661503304,0.5001339929911359,0.8411604333735481,0.7436605387527897,0.5077654193581265,0.02672955974842761,0.9484908136482939,0.02608870158539034,0.7967823731665178,0.022075222075222056,0.48170919609210316,0.47786938738369333,0.022075222075222056,0.521338742233576,0.032390510948905105,0.019754052592472093,0.6897316695212463,0.5112838835459148,0.5279111130470135,0.4917729591836735,0.524337491643365,0.5073368880605063,0.5346496101747982,0.7603602135202314,0.5275307321166351,0.5212811079235442,0.5258426995259122,0.5280492526782066,0.8546327051329181,0.5135956367840426,0.5062065478459308,0.5171121793456666,0.5308912360930995,0.7586332031358209,0.5103863178705164,0.853857041755131,0.5158725952397778,0.5123295219788346,0.9054459203036054,0.5215986278823503,0.8788352142855365,0.5192316741972667,0.8768058597724275,0.5390087423411334,0.9141913618132869,0.8610073275134282,0.5274383219074503,0.8965658696671355,0.523246862765919,0.5213936014984004,0.8769862587503241,0.5253835042225439,0.5220763047662176,0.9078918683235231,0.5350788128200246,0.49870518060899793,0.5075983717774761,0.5161782262661552,0.5148655521788472,0.5220135169794862,0.5107202546696983,0.5115629632900152,0.5155732925486176,0.5085095912322879,0.511758718835567,0.5213101243804696,0.5126198766657191,0.5174596460873839,0.5199505218638354,0.5186661889229349,0.5149665507314609,0.508019976906918,0.5200827968221684,0.5176043095809162,0.5236165042251553,0.5122924340921713,0.51846110854409
0.46528020328473596,0.021460423634336645,0.43184885290148456,0.4666909866427209,0.4167675683458888,0.024135220125786172,0.022522522522522515,0.01173497021122949,0.03787056078005502,0.022075222075222056,0.0,0.03749999999999998,0.02329004329004336,0.020748114927800487,0.3886373088119772,0.031158217341335726,0.47132082396807085,0.021585827313381545,0.019607843137254832,0.3590441789385941,0.5001117830566819,0.4824587294682988,0.9638486699146824,0.8197646661503304,0.5001339929911359,0.8411604333735481,0.7436605387527897,0.5077654193581265,0.022359838163652945,0.9484908136482939,0.020331699694580596,0.7967823731665178,0.017425810904071803,0.48170919609210316,0.47786938738369333,0.017217257875259517,0.521338742233576,0.038662907772855415,0.015625,0.6897316695212463,0.5112838835459148,0.5279111130470135,0.4917729591836735,0.524337491643365,0.5073368880605063,0.5346496101747982,0.7603602135202314,0.5275307321166351,0.5212811079235442,0.5258426995259122,0.5280492526782066,0.8546327051329181,0.5135956367840426,0.5062065478459308,0.5171121793456666,0.5308912360930995,0.7586332031358209,0.5103863178705164,0.853857041755131,0.5158725952397778,0.5123295219788346,0.9054459203036054,0.5215986278823503,0.8788352142855365,0.5192316741972667,0.8768058597724275,0.5390087423411334,0.9141913618132869,0.8610073275134282,0.5274383219074503,0.8965658696671355,0.523246862765919,0.5213936014984004,0.8769862587503241,0.5253835042225439,0.5220763047662176,0.9078918683235231,0.5350788128200246,0.49870518060899793,0.5075983717774761,0.5161782262661552,0.5148655521788472,0.5220135169794862,0.5107202546696983,0.5115629632900152,0.5155732925486176,0.5085095912322879,0.511758718835567,0.5213101243804696,0.5126198766657191,0.5174596460873839,0.5199505218638354,0.5186661889229349,0.5149665507314609,0.508019976906918,0.5200827968221684,0.5176043095809162,0.5236165042251553,0.5122924340921713,0.51846110854409
0.46528020328473596,0.03749999999999998,0.43184885290148456,0.4666909866427209,0.4167675683458888,0.035337552742616074,0.03749999999999998,0.03749999999999998,0.03749999999999998,0.033333333333333326,0.03749999999999998,0.0,0.03749999999999998,0.03749999999999998,0.3886373088119772,0.03749999999999998,0.47132082396807085,0.03749999999999998,0.03749999999999998,0.3590441789385941,0.5001117830566819,0.4824587294682988,0.9638486699146824,0.8197646661503304,0.5001339929911359,0.8411604333735481,0.7436605387527897,0.5077654193581265,0.03749999999999998,0.9484908136482939,0.03749999999999998,0.7967823731665178,0.03749999999999998,0.48170919609210316,0.47786938738369333,0.03749999999999998,0.521338742233576,0.03263403263403264,0.03749999999999998,0.6897316695212463,0.5112838835459148,0.5279111130470135,0.4917729591836735,0.524337491643365,0.5073368880605063,0.5346496101747982,0.7603602135202314,0.5275307321166351,0.5212811079235442,0.5258426995259122,0.5280492526782066,0.8546327051329181,0.5135956367840426,0.5062065478459308,0.5171121793456666,0.5308912360930995,0.7586332031358209,0.5103863178705164,0.853857041755131,0.5158725952397778,0.5123295219788346,0.9054459203036054,0.5215986278823503,0.8788352142855365,0.5192316741972667,0.8768058597724275,0.5390087423411334,0.9141913618132869,0.8610073275134282,0.5274383219074503,0.8965658696671355,0.523246862765919,0.5213936014984004,0.8769862587503241,0.5253835042225439,0.5220763047662176,0.9078918683235231,0.5350788128200246,0.49870518060899793,0.5075983717774761,0.5161782262661552,0.5148655521788472,0.5220135169794862,0.5107202546696983,0.5115629632900152,0.5155732925486176,0.5085095912322879,0.511758718835567,0.5213101243804696,0.5126198766657191,0.5174596460873839,0.5199505218638354,0.5186661889229349,0.5149665507314609,0.508019976906918,0.5200827968221684,0.5176043095809162,0.5236165042251553,0.5122924340921713,0.51846110854409
0.46528020328473596,0.029168959823885565,0.43184885290148456,0.4666909866427209,0.4167675683458888,0.018821839080459757,0.022522522522522515,0.02329004329004336,0.017989563306783918,0.018592480374604037,0.02329004329004336,0.03749999999999998,0.0,0.019565530139548315,0.3886373088119772,0.02836393532474657,0.47132082396807085,0.015781298539919164,0.021082251082251036,0.3590441789385941,0.5001117830566819,0.4824587294682988,0.9638486699146824,0.8197646661503304,0.5001339929911359,0.8411604333735481,0.7436605387527897,0.5077654193581265,0.021227768215720033,0.9484908136482939,0.018237082066869248,0.7967823731665178,0.02329004329004336,0.48170919609210316,0.47786938738369333,0.02329004329004336,0.521338742233576,0.03273809523809523,0.018048128342246006,0.6897316695212463,0.5112838835459148,0.5279111130470135,0.4917729591836735,0.524337491643365,0.5073368880605063,0.5346496101747982,0.7603602135202314,0.5275307321166351,0.5212811079235442,0.5258426995259122,0.5280492526782066,0.8546327051329181,0.5135956367840426,0.5062065478459308,0.5171121793456666,0.5308912360930995,0.7586332031358209,0.5103863178705164,0.853857041755131,0.5158725952397778,0.5123295219788346,0.9054459203036054,0.5215986278823503,0.8788352142855365,0.5192316741972667,0.8768058597724275,0.5390087423411334,0.9141913618132869,0.8610073275134282,0.5274383219074503,0.8965658696671355,0.523246862765919,0.5213936014984004,0.8769862587503241,0.5253835042225439,0.5220763047662176,0.9078918683235231,0.5350788128200246,0.49870518060899793,0.5075983717774761,0.5161782262661552,0.5148655521788472,0.5220135169794862,0.5107202546696983,0.5115629632900152,0.5155732925486176,0.5085095912322879,0.511758718835567,0.5213101243804696,0.5126198766657191,0.5174596460873839,0.5199505218638354,0.5186661889229349,0.5149665507314609,0.508019976906918,0.5200827968221684,0.5176043095809162,0.5236165042251553,0.5122924340921713,0.51846110854409
0.46528020328473596,0.0259571706683972,0.43184885290148456,0.4666909866427209,0.4167675683458888,0.01911764705882346,0.022522522522522515,0.019397260273972594,0.03125271153952347,0.019767441860465196,0.020748114927800487,0.03749999999999998,0.019565530139548315,0.0,0.3886373088119772,0.03324622531939603,0.47132082396807085,0.019863777089783263,0.02147137441255087,0.3590441789385941,0.5001117830566819,0.4824587294682988,0.9638486699146824,0.8197646661503304,0.5001339929911359,0.8411604333735481,0.7436605387527897,0.5077654193581265,0.022878508000801157,0.9484908136482939,0.016987693953986027,0.7967823731665178,0.01854369406816969,0.48170919609210316,0.47786938738369333,0.019322404371584723,0.521338742233576,0.04075091575091572,0.019277222814105377,0.6897316695212463,0.5112838835459148,0.5279111130470135,0.4917729591836735,0.524337491643365,0.5073368880605063,0.5346496101747982,0.7603602135202314,0.5275307321166351,0.5212811079235442,0.5258426995259122,0.5280492526782066,0.8546327051329181,0.5135956367840426,0.5062065478459308,0.5171121793456666,0.5308912360930995,0.7586332031358209,0.5103863178705164,0.853857041755131,0.5158725952397778,0.5123295219788346,0.9054459203036054,0.5215986278823503,0.8788352142855365,0.5192316741972667,0.8768058597724275,0.5390087423411334,0.9141913618132869,0.8610073275134282,0.5274383219074503,0.8965658696671355,0.523246862765919,0.5213936014984004,0.8769862587503241,0.5253835042225439,0.5220763047662176,0.9078918683235231,0.5350788128200246,0.49870518060899793,0.5075983717774761,0.5161782262661552,0.5148655521788472,0.5220135169794862,0.5107202546696983,0.5115629632900152,0.5155732925486176,0.5085095912322879,0.511758718835567,0.5213101243804696,0.5126198766657191,0.5174596460873839,0.5199505218638354,0.5186661889229349,0.5149665507314609,0.508019976906918,0.5200827968221684,0.5176043095809162,0.5236165042251553,0.5122924340921713,0.51846110854409
0.25,0.3886373088119772,0.25,0.25,0.25,0.3886373088119772,0.3886373088119772,0.3886373088119772,0.3886373088119772,0.3886373088119772,0.3886373088119772,0.3886373088119772,0.3886373088119772,0.3886373088119772,0.0,0.3886373088119772,0.25,0.3886373088119772,0.3886373088119772,0.25,0.30485913191761926,0.27741759418900025,0.9638486699146824,0.8197646661503304,0.3028507658627735,0.8411604333735481,0.7436605387527897,0.2748919280066433,0.3886373088119772,0.9484908136482939,0.3886373088119772,0.7967823731665178,0.3886373088119772,0.2766923535424064,0.25,0.3886373088119772,0.3715705649848873,0.3886373088119772,0.3886373088119772,0.6073317622414247,0.29717851900030356,0.5038891393867628,0.2992084756133404,0.5115654964977274,0.5018702513150204,0.49536395272754663,0.7603602135202314,0.507190955638742,0.49659300059546374,0.5096984807666345,0.4942313755903873,0.8546327051329181,0.48421388292158973,0.5047963400236126,0.5042308883644284,0.519002490263567,0.7586332031358209,0.4886870742437064,0.853857041755131,0.4904426724786224,0.47026109793843196,0.9054459203036054,0.5202556829189058,0.8788352142855365,0.48811312828417464,0.8768058597724275,0.5015033084261629,0.9141913618132869,0.8610073275134282,0.5086226362399304,0.8965658696671355,0.5024171727596289,0.48372125191472204,0.8769862587503241,0.5157597267397294,0.5076333495790639,0.9078918683235231,0.49021748084685735,0.49571979744393546,0.47998710658918564,0.5113897388772262,0.5065191168997927,0.5032387420137836,0.510115496151547,0.49705092318236077,0.5078214041486209,0.508086012524525,0.5089273819294549,0.5110402184261107,0.5087142622106877,0.494786705091496,0.5026090707289619,0.5169632657524332,0.5092253543814349,0.5067772818251057,0.5108359133126934,0.5014077809370017,0.5088593179907346,0.5089270623254636,0.49976291329539957
0.46528020328473596,0.021512113617376816,0.43184885290148456,0.4666909866427209,0.4167675683458888,0.0269905533063427,0.029268292682926855,0.042893187552565215,0.027560197272991083,0.03313391624482287,0.031158217341335726,0.03749999999999998,0.02836393532474657,0.03324622531939603,0.3886373088119772,0.0,0.47132082396807085,0.026623153555479284,0.03899683064627257,0.3590441789385941,0.5001117830566819,0.4824587294682988,0.9638486699146824,0.8197646661503304,0.5001339929911359,0.8411604333735481,0.7436605387527897,0.5077654193581265,0.03823335530652605,0.9484908136482939,0.035650623885918,0.7967823731665178,0.03823335530652605,0.48170919609210316,0.47786938738369333,0.031335986963374585,0.521338742233576,0.018483503661801626,0.03473432055749126,0.6897316695212463,0.5112838835459148,0.5279111130470135,0.4917729591836735,0.524337491643365,0.5073368880605063,0.5346496101747982,0.7603602135202314,0.5275307321166351,0.5212811079235442,0.5258426995259122,0.5280492526782066,0.8546327051329181,0.5135956367840426,0.5062065478459308,0.5171121793456666,0.5308912360930995,0.7586332031358209,0.5103863178705164,0.853857041755131,0.5158725952397778,0.5123295219788346,0.9054459203036054,0.5215986278823503,0.8788352142855365,0.5192316741972667,0.8768058597724275,0.5390087423411334,0.9141913618132869,0.8610073275134282,0.5274383219074503,0.8965658696671355,0.523246862765919,0.5213936014984004,0.8769862587503241,0.5253835042225439,0.5220763047662176,0.9078918683235231,0.5350788128200246,0.49870518060899793,0.5075983717774761,0.5161782262661552,0.5148655521788472,0.5220135169794862,0.5107202546696983,0.5115629632900152,0.5155732925486176,0.5085095912322879,0.511758718835567,0.5213101243804696,0.5126198766657191,0.5174596460873839,0.5199505218638354,0.5186661889229349,0.5149665507314609,0.508019976906918,0.5200827968221684,0.5176043095809162,0.5236165042251553,0.5122924340921713,0.51846110854409
0.020394736842105243,0.47132082396807085,0.054490038655961914,0.038921315523627875,0.10850118436785072,0.47132082396807085,0.47132082396807085,0.47132082396807085,0.47132082396807085,0.47132082396807085,0.47132082396807085,0.47132082396807085,0.47132082396807085,0.47132082396807085,0.25,0.47132082396807085,0.0,0.47132082396807085,0.47132082396807085,0.2262898835571474,0.11348678422424241,0.0860452464956234,0.9638486699146824,0.7476449869249229,0.11147841816939663,0.8035163958045639,0.5833799945411893,0.08351958031326645,0.47132082396807085,0.9484908136482939,0.47132082396807085,0.6920291616504324,0.47132082396807085,0.08532000584902955,0.0516114720637042,0.47132082396807085,0.4541263267753254,0.47132082396807085,0.47132082396807085,0.41595941454804786,0.10580617130692671,0.5038891393867628,0.10783612791996355,0.5115654964977274,0.5018702513150204,0.49536395272754663,0.6178546128932769,0.507190955638742,0.49659300059546374,0.5096984807666345,0.4942313755903873,0.8246716466487656,0.48421388292158973,0.5047963400236126,0.5042308883644284,0.519002490263567,0.6283340493107419,0.5067270613164025,0.8287029725346673,0.4904426724786224,0.47026109793843196,0.9054459203036054,0.5202556829189058,0.8644382445508758,0.48811312828417464,0.8451888438633781,0.5015033084261629,0.9101559263764694,0.8237825960035345,0.5086226362399304,0.8965658696671355,0.5024171727596289,0.48372125191472204,0.8636603343720544,0.5157597267397294,0.5076333495790639,0.9078918683235231,0.4962613144431326,0.49571979744393546,0.47998710658918564,0.5113897388772262,0.5065191168997927,0.5032387420137836,0.510115496151547,0.5031050403244428,0.5078214041486209,0.508086012524525,0.5115102595921783,0.5110402184261107,0.5087142622106877,0.494786705091496,0.5026090707289619,0.5169632657524332,0.5092253543814349,0.5067772818251057,0.5139877437681528,0.5014077809370017,0.5097117718405053,0.5089270623254636,0.5106890703696054
0.46528020328473596,0.020345040049291385,0.43184885290148456,0.4666909866427209,0.4167675683458888,0.017046074402705558,0.022522522522522515,0.01761757334512759,0.03230790841410314,0.019819294666277965,0.021585827313381545,0.03749999999999998,0.015781298539919164,0.019863777089783263,0.3886373088119772,0.026623153555479284,0.47132082396807085,0.0,0.02125768967874231,0.3590441789385941,0.5001117830566819,0.4824587294682988,0.9638486699146824,0.8197646661503304,0.5001339929911359,0.8411604333735481,0.7436605387527897,0.5077654193581265,0.019020467214161063,0.9484908136482939,0.021931376016979143,0.7967823731665178,0.01673972853353234,0.48170919609210316,0.47786938738369333,0.019942114059761096,0.521338742233576,0.034127843986998974,0.01989255118338895,0.6897316695212463,0.5112838835459148,0.5279111130470135,0.4917729591836735,0.524337491643365,0.5073368880605063,0.5346496101747982,0.7603602135202314,0.5275307321166351,0.5212811079235442,0.5258426995259122,0.5280492526782066,0.8546327051329181,0.5135956367840426,0.5062065478459308,0.5171121793456666,0.5308912360930995,0.7586332031358209,0.5103863178705164,0.853857041755131,0.5158725952397778,0.5123295219788346,0.9054459203036054,0.5215986278823503,0.8788352142855365,0.5192316741972667,0.8768058597724275,0.5390087423411334,0.9141913618132869,0.8610073275134282,0.5274383219074503,0.8965658696671355,0.523246862765919,0.5213936014984004,0.8769862587503241,0.5253835042225439,0.5220763047662176,0.9078918683235231,0.5350788128200246,0.49870518060899793,0.5075983717774761,0.5161782262661552,0.5148655521788472,0.5220135169794862,0.5107202546696983,0.5115629632900152,0.5155732925486176,0.5085095912322879,0.511758718835567,0.5213101243804696,0.5126198766657191,0.5174596460873839,0.5199505218638354,0.5186661889229349,0.5149665507314609,0.508019976906918,0.5200827968221684,0.5176043095809162,0.5236165042251553,0.5122924340921713,0.51846110854409
0.46528020328473596,0.026721851643494388,0.43184885290148456,0.4666909866427209,0.4167675683458888,0.021939105062699027,0.026575433175146213,0.02418354692021496,0.02661857768730369,0.023357514019653247,0.019607843137254832,0.03749999999999998,0.021082251082251036,0.02147137441255087,0.3886373088119772,0.03899683064627257,0.47132082396807085,0.02125768967874231,0.0,0.3590441789385941,0.5001117830566819,0.4824587294682988,0.9638486699146824,0.8197646661503304,0.5001339929911359,0.8411604333735481,0.7436605387527897,0.5077654193581265,0.02418354692021496,0.9484908136482939,0.023784812316208326,0.7967823731665178,0.02418354692021496,0.48170919609210316,0.47786938738369333,0.02418354692021496,0.521338742233576,0.04524886877828049,0.021168638097084913,0.6897316695212463,0.5112838835459148,0.5279111130470135,0.4917729591836735,0.524337491643365,0.5073368880605063,0.5346496101747982,0.7603602135202314,0.5275307321166351,0.5212811079235442,0.5258426995259122,0.5280492526782066,0.8546327051329181,0.5135956367840426,0.5062065478459308,0.5171121793456666,0.5308912360930995,0.7586332031358209,0.5103863178705164,0.853857041755131,0.5158725952397778,0.5123295219788346,0.9054459203036054,0.5215986278823503,0.8788352142855365,0.5192316741972667,0.8768058597724275,0.5390087423411334,0.9141913618132869,0.8610073275134282,0.5274383219074503,0.8965658696671355,0.523246862765919,0.5213936014984004,0.8769862587503241,0.5253835042225439,0.5220763047662176,0.9078918683235231,0.5350788128200246,0.49870518060899793,0.5075983717774761,0.5161782262661552,0.5148655521788472,0.5220135169794862,0.5107202546696983,0.5115629632900152,0.5155732925486176,0.5085095912322879,0.511758718835567,0.5213101243804696,0.5126198766657191,0.5174596460873839,0.5199505218638354,0.5186661889229349,0.5149665507314609,0.508019976906918,0.5200827968221684,0.5176043095809162,0.5236165042251553,0.5122924340921713,0.51846110854409
0.2180607223137443,0.3590441789385941,0.20183598007993675,0.2559515244300754,0.11778869918929669,0.3590441789385941,0.3590441789385941,0.3590441789385941,0.3590441789385941,0.3590441789385941,0.3590441789385941,0.3590441789385941,0.3590441789385941,0.3590441789385941,0.25,0.3590441789385941,0.2262898835571474,0.3590441789385941,0.3590441789385941,0.0,0.3397766677813898,0.3123351300527708,0.9638486699146824,0.8197646661503304,0.33776830172654404,0.8411604333735481,0.7436605387527897,0.30980946387041386,0.3590441789385941,0.9484908136482939,0.3590441789385941,0.7967823731665178,0.3590441789385941,0.31160988940617695,0.2779013556208516,0.3590441789385941,0.4541263267753254,0.3590441789385941,0.3590441789385941,0.6422492981051953,0.3320960548640741,0.5038891393867628,0.33412601147711096,0.5115654964977274,0.5018702513150204,0.49536395272754663,0.7603602135202314,0.507190955638742,0.49659300059546374,0.5096984807666345,0.4942313755903873,0.8546327051329181,0.48421388292158973,0.5047963400236126,0.5042308883644284,0.519002490263567,0.7586332031358209,0.5067270613164025,0.853857041755131,0.4904426724786224,0.47026109793843196,0.9054459203036054,0.5202556829189058,0.8788352142855365,0.48811312828417464,0.8768058597724275,0.5015033084261629,0.9141913618132869,0.8610073275134282,0.5086226362399304,0.8965658696671355,0.5024171727596289,0.48372125191472204,0.8769862587503241,0.5157597267397294,0.5076333495790639,0.9078918683235231,0.4962613144431326,0.49571979744393546,0.47998710658918564,0.5113897388772262,0.5065191168997927,0.5032387420137836,0.510115496151547,0.5031050403244428,0.5078214041486209,0.508086012524525,0.5115102595921783,0.5110402184261107,0.5087142622106877,0.494786705091496,0.5026090707289619,0.5169632657524332,0.5092253543814349,0.5067772818251057,0.5139877437681528,0.5014077809370017,0.5097117718405053,0.5089270623254636,0.5106890703696054
0.12171594546764553,0.5001117830566819,0.13794068770145307,0.08382514335131441,0.22198796859209313,0.5001117830566819,0.5001117830566819,0.5001117830566819,0.5001117830566819,0.5001117830566819,0.5001117830566819,0.5001117830566819,0.5001117830566819,0.5001117830566819,0.30485913191761926,0.5001117830566819,0.11348678422424241,0.5001117830566819,0.5001117830566819,0.3397766677813898,0.0,0.027441537728619014,0.9378556795372841,0.6341582027006805,0.02047502047502059,0.6900296115803215,0.46989321031694686,0.04527447651386529,0.5001117830566819,0.8825840631382582,0.5001117830566819,0.57854237742619,0.5001117830566819,0.028166778375212864,0.06187531216053821,0.5001117830566819,0.4541263267753254,0.5001117830566819,0.5001117830566819,0.30247263032380545,0.03002481389578171,0.5038891393867628,0.023921200750469107,0.5115654964977274,0.5018702513150204,0.49536395272754663,0.5357823780552515,0.507190955638742,0.49659300059546374,0.5096984807666345,0.4942313755903873,0.7111848624245232,0.48421388292158973,0.5047963400236126,0.5042308883644284,0.519002490263567,0.5293024772987747,0.5067270613164025,0.7152161883104249,0.4904426724786224,0.47026109793843196,0.7967973067519116,0.5202556829189058,0.7509514603266334,0.48811312828417464,0.7317020596391357,0.5015033084261629,0.796669142152227,0.7102958117792921,0.5086226362399304,0.792643762856021,0.5024171727596289,0.48372125191472204,0.750173550147812,0.5157597267397294,0.5076333495790639,0.8174034885060326,0.4962613144431326,0.49571979744393546,0.47998710658918564,0.5113897388772262,0.5065191168997927,0.5032387420137836,0.510115496151547,0.5031050403244428,0.5078214041486209,0.508086012524525,0.5115102595921783,0.5110402184261107,0.5087142622106877,0.494786705091496,0.5026090707289619,0.5169632657524332,0.5092253543814349,0.5067772818251057,0.5139877437681528,0.5014077809370017,0.5097117718405053,0.5089270623254636,0.5106890703696054
