0.0,0.27733415233415226,0.047563086854780834,0.12460915700135156,0.2238586156111929,0.18273809523809526,0.27733415233415226,0.27733415233415226,0.27733415233415226,0.27733415233415226,0.27733415233415226,0.1745778069307481,0.03616476574009431,0.27733415233415226,0.27941176470588236,0.27733415233415226,0.023284375040815375,0.07166065092894369,0.27733415233415226,0.21979166666666672,0.030602764473732225,0.04466858789625361,0.07013329944364421,0.04403000679596414,0.24242424242424243,0.17724081412605996,0.10466830466830468,0.10938421072614168,0.27733415233415226,0.191031941031941,0.03132221207407637,0.27733415233415226,0.27733415233415226,0.11507890253208597,0.095616836702062,0.27733415233415226,0.22305157557966537,0.27733415233415226,0.27733415233415226,0.21832016388645015,0.03572747775646312,0.32588373919874314,0.14956626385197813,0.26702282661486165,0.26998143987496337,0.1989684489684489,0.27733415233415226,0.2857142857142857,0.21020840205476987,0.26860320686540207,0.17834336799854045,0.19930069930069927,0.2828798185941044,0.25198450198450206,0.24820619993033777,0.32958282159977814,0.2767857142857143,0.33349802371541504,0.17642390289449117,0.20796809602779753,0.24112111292962357,0.26920328275627736,0.27668604651162787,0.23126921826954328,0.1966648623275129,0.31271777003484325,0.19368643974322208,0.2529761904761906,0.237890989314813,0.2848855430749173,0.19053643724696356,0.2839367444533383,0.32861875637105,0.23641471674876846,0.34101966190299293,0.2740842653411445,0.2835398180702048,0.2961506961506961,0.30864793678665503,0.25275309723438877,0.37891298778925797,0.25854516731293986,0.3173273810621853,0.3240414258188825,0.28065513721251434,0.3519736842105263,0.36138072669826227,0.28991336633663367,0.2841138114997036,0.3106770833333333,0.33002567140600314,0.3236239782016349,0.383987030411449,0.2629700107683911,0.3233408748114631,0.35365951791938344,0.33855283307810113,0.326845040341718,0.3265603951504267,0.3364870423693953
0.27733415233415226,0.0,0.2950789837664701,0.21502957383347654,0.2327303171580537,0.21759581881533097,0.052795031055900665,0.05279503105590061,0.03844537944274218,0.052795031055900665,0.05279503105590061,0.19004524886877827,0.2592517694641051,0.05279503105590061,0.2990196078431372,0.0548780487804878,0.2809149083362158,0.3131644777986241,0.05279503105590061,0.24001024590163933,0.2620327700972862,0.2923001703362563,0.2422675026123302,0.25531914893617025,0.256060606060606,0.18871374527112234,0.22499999999999998,0.33202625769722316,0.025566035014853883,0.18181818181818182,0.2819894910748668,0.10999999999999999,0.05279503105590061,0.21979470106810933,0.22952573398312132,0.05279503105590061,0.16580836454431963,0.05279503105590061,0.05279503105590061,0.2255525650436343,0.28394648829431435,0.36008771929824557,0.20255102040816325,0.27020585048754064,0.27020433223106666,0.17784992784992787,0.05820824017885656,0.29385964912280704,0.17222995130676738,0.27931436701912515,0.19827586206896552,0.2174333204483958,0.3271604938271605,0.2611003861003861,0.1218808777429467,0.34559481216457955,0.10911701363962673,0.3450202224469161,0.21955950032873112,0.22156084656084657,0.27367280606717226,0.09420792079207924,0.2838796398263911,0.23981900452488691,0.17900172117039587,0.3197205711552913,0.20706752264129313,0.25372807017543864,0.2574121679520137,0.3114874793097637,0.19569672131147542,0.28537540913148407,0.3480902777777777,0.24316001037344398,0.3455853155009282,0.281376129156256,0.30934343434343425,0.30156807751147374,0.31481900452488687,0.2586398334489938,0.379300039161531,0.26661151125819216,0.32727277309060854,0.32488673139158575,0.30120947176684876,0.35215863453815255,0.3695133233833451,0.29512169966996693,0.29844720496894406,0.3115664878190255,0.3605342215256008,0.3461635220125786,0.38442307692307687,0.2655531467612665,0.32707570207570213,0.35425821301527516,0.3479657885436881,0.33048982093766244,0.32836422240128926,0.3365994689255255
0.047563086854780834,0.2950789837664701,0.0,0.16009881986598717,0.2238586156111929,0.18273809523809526,0.2950789837664701,0.2950789837664701,0.2950789837664701,0.2950789837664701,0.2950789837664701,0.2100674697953837,0.07165442860472993,0.2950789837664701,0.27941176470588236,0.2950789837664701,0.046426941660094756,0.03792950117228555,0.2950789837664701,0.21979166666666672,0.06609242733836784,0.020926694646822064,0.10562296230827983,0.07951966966059976,0.24242424242424243,0.21273047699069558,0.1401579675329403,0.07389454786150607,0.2950789837664701,0.2265216038965766,0.04642984752624868,0.2950789837664701,0.2950789837664701,0.1505685653967216,0.13110649956669762,0.2950789837664701,0.2527537529735533,0.2950789837664701,0.2950789837664701,0.21832016388645015,0.033476108375524616,0.32588373919874314,0.18505592671661375,0.26702282661486165,0.26998143987496337,0.23445811183308451,0.2950789837664701,0.2857142857142857,0.2456980649194055,0.26860320686540207,0.1936062433950092,0.19930069930069927,0.2828798185941044,0.25198450198450206,0.2775879218916065,0.32958282159977814,0.2950789837664701,0.33349802371541504,0.17642390289449117,0.20796809602779753,0.24112111292962357,0.2884836989824897,0.27668604651162787,0.23126921826954328,0.23215452519214852,0.31271777003484325,0.19368643974322208,0.2529761904761906,0.237890989314813,0.2848855430749173,0.19876452490998942,0.2839367444533383,0.32861875637105,0.23641471674876846,0.34101966190299293,0.2740842653411445,0.2835398180702048,0.2961506961506961,0.30864793678665503,0.25275309723438877,0.37891298778925797,0.25854516731293986,0.3173273810621853,0.3240414258188825,0.28065513721251434,0.3519736842105263,0.36138072669826227,0.28991336633663367,0.2841138114997036,0.3106770833333333,0.33002567140600314,0.3236239782016349,0.383987030411449,0.2629700107683911,0.3233408748114631,0.35365951791938344,0.33855283307810113,0.326845040341718,0.3265603951504267,0.3364870423693953
0.12460915700135156,0.21502957383347654,0.16009881986598717,0.0,0.2238586156111929,0.18273809523809526,0.21502957383347654,0.21502957383347654,0.21502957383347654,0.21502957383347654,0.21502957383347654,0.049968649929396536,0.08844439126125725,0.21502957383347654,0.27941176470588236,0.21502957383347654,0.13177066900547862,0.19626980793029525,0.21502957383347654,0.21979166666666672,0.09400639252761933,0.15454119300555968,0.05447585755770734,0.08057915020538742,0.24242424242424243,0.0564373897707231,0.02322005248609016,0.23399336772749324,0.21502957383347654,0.06642278403058943,0.13391983448278055,0.19011695113516114,0.21502957383347654,0.03873426456847995,0.03469964253973612,0.21502957383347654,0.1527777777777778,0.21502957383347654,0.21502957383347654,0.21832016388645015,0.13783382892167573,0.32588373919874314,0.02498705704812576,0.26702282661486165,0.26998143987496337,0.1534284688565788,0.21502957383347654,0.2857142857142857,0.1602453580901857,0.26860320686540207,0.17834336799854045,0.19930069930069927,0.2828798185941044,0.25198450198450206,0.18629739218105967,0.32958282159977814,0.191637630662021,0.33349802371541504,0.17642390289449117,0.20796809602779753,0.24112111292962357,0.18218643707320992,0.27668604651162787,0.23126921826954328,0.1610757663389243,0.31271777003484325,0.19368643974322208,0.2529761904761906,0.237890989314813,0.2848855430749173,0.19053643724696356,0.2839367444533383,0.32861875637105,0.23641471674876846,0.34101966190299293,0.2740842653411445,0.2835398180702048,0.2961506961506961,0.30864793678665503,0.25275309723438877,0.37891298778925797,0.25854516731293986,0.3173273810621853,0.3240414258188825,0.28065513721251434,0.3519736842105263,0.36138072669826227,0.28991336633663367,0.2841138114997036,0.3106770833333333,0.33002567140600314,0.3236239782016349,0.383987030411449,0.2629700107683911,0.3233408748114631,0.35365951791938344,0.33855283307810113,0.326845040341718,0.3265603951504267,0.3364870423693953
0.2238586156111929,0.2327303171580537,0.2238586156111929,0.2238586156111929,0.0,0.19990903577926022,0.2327303171580537,0.2327303171580537,0.2327303171580537,0.2327303171580537,0.2327303171580537,0.2238586156111929,0.2238586156111929,0.2327303171580537,0.19990903577926022,0.2327303171580537,0.2238586156111929,0.2238586156111929,0.2327303171580537,0.19990903577926022,0.2238586156111929,0.2238586156111929,0.2238586156111929,0.2238586156111929,0.19990903577926022,0.2238586156111929,0.2238586156111929,0.2238586156111929,0.2327303171580537,0.2238586156111929,0.2238586156111929,0.22551843778431546,0.2327303171580537,0.2238586156111929,0.2238586156111929,0.2327303171580537,0.19990903577926022,0.2327303171580537,0.2327303171580537,0.19990903577926022,0.2238586156111929,0.25471480428038384,0.2238586156111929,0.19990903577926022,0.19990903577926022,0.19990903577926022,0.2327303171580537,0.1316779914336056,0.19990903577926022,0.19990903577926022,0.19990903577926022,0.19990903577926022,0.19990903577926022,0.19990903577926022,0.2238586156111929,0.2257289900130518,0.2128473938979889,0.2245798105777248,0.19990903577926022,0.19990903577926022,0.19990903577926022,0.21065925056327428,0.1281881678061989,0.19990903577926022,0.12556569854453736,0.22348816150381023,0.06034435173594166,0.0788640989841154,0.06349111283035558,0.16453572216479628,0.19990903577926022,0.13231706665101217,0.23071992123944807,0.0607418726793979,0.2811692279490978,0.14678695319164314,0.1649726932322444,0.1445841610790064,0.20110498772367214,0.09636513454834994,0.3657988532465519,0.25357812654229595,0.29139072847682124,0.2989830508474577,0.26847207728818123,0.34013819095477393,0.35510763432878445,0.26084995525791654,0.1314337756217807,0.2801370460893855,0.3240722907036466,0.3149085229808122,0.361715976331361,0.24887979738944088,0.313908313908314,0.32095965624253997,0.33355283307810113,0.3068570451436389,0.30035789666880797,0.29740995661514236
0.18273809523809526,0.21759581881533097,0.18273809523809526,0.18273809523809526,0.19990903577926022,0.0,0.21759581881533097,0.21759581881533097,0.21759581881533097,0.21759581881533097,0.21759581881533097,0.18273809523809526,0.18273809523809526,0.21759581881533097,0.19334733893557432,0.21759581881533097,0.18273809523809526,0.1911373179665864,0.21759581881533097,0.07410714285714293,0.18273809523809526,0.18273809523809526,0.18273809523809526,0.18273809523809526,0.11937229437229446,0.18273809523809526,0.18273809523809526,0.2288608777637844,0.21759581881533097,0.18273809523809526,0.18273809523809526,0.19524944109887,0.21759581881533097,0.18273809523809526,0.18273809523809526,0.21759581881533097,0.10357490854202267,0.21759581881533097,0.21759581881533097,0.07116413729670978,0.18273809523809526,0.2862912879212959,0.18273809523809526,0.1685694627535328,0.17448668927373634,0.0794917819308062,0.21759581881533097,0.26574803149606296,0.09073173501712717,0.17173022325461362,0.04077430570141638,0.03394744092418511,0.21912935002365908,0.13849281349281362,0.19142988214476853,0.2936894527233659,0.19233449477351905,0.3084735857877513,0.030633540957899608,0.05046000157940467,0.11676603538305674,0.18731892703691877,0.2640031196823597,0.09706224606289615,0.1523809523809524,0.31165311653116534,0.17448727742845394,0.23934108527131792,0.23165459219443796,0.28217689686165837,0.043798195007711094,0.26606756910476625,0.29176132226590945,0.23027997211895912,0.34049364975380914,0.27330251237508174,0.2823953823953824,0.2617818823848975,0.3004615296410963,0.24809160305343514,0.3656898656898656,0.25757575757575757,0.3114187879724637,0.32200980392156864,0.27958855673416916,0.34521028037383183,0.35755712099138814,0.26947028276314666,0.2592472342472343,0.31005403037383183,0.32791666666666663,0.3232275132275133,0.3642350557244174,0.2500546243406062,0.3167314894842985,0.3418428453625765,0.33586404589274643,0.31528999578868555,0.3206077132839892,0.3074978942626002
0.27733415233415226,0.052795031055900665,0.2950789837664701,0.21502957383347654,0.2327303171580537,0.21759581881533097,0.0,0.024839408945369235,0.05220188025729833,0.025691699604743157,0.05811906948270584,0.19004524886877827,0.2592517694641051,0.05811906948270584,0.2990196078431372,0.04501922317667295,0.2809149083362158,0.3131644777986241,0.0424465240641711,0.24001024590163933,0.2620327700972862,0.2923001703362563,0.2422675026123302,0.25531914893617025,0.256060606060606,0.18871374527112234,0.22499999999999998,0.33202625769722316,0.05809436527045697,0.18181818181818182,0.2819894910748668,0.10999999999999999,0.05811906948270584,0.21979470106810933,0.22952573398312132,0.02615693023431742,0.16580836454431963,0.05811906948270584,0.026747608535687917,0.2255525650436343,0.28394648829431435,0.36008771929824557,0.20255102040816325,0.27020585048754064,0.27020433223106666,0.17784992784992787,0.05820824017885656,0.29385964912280704,0.17222995130676738,0.27931436701912515,0.19827586206896552,0.2174333204483958,0.3271604938271605,0.2611003861003861,0.1218808777429467,0.34559481216457955,0.10911701363962673,0.3450202224469161,0.21955950032873112,0.22156084656084657,0.27367280606717226,0.09420792079207924,0.2838796398263911,0.23981900452488691,0.17900172117039587,0.3197205711552913,0.20706752264129313,0.25372807017543864,0.2574121679520137,0.3114874793097637,0.19569672131147542,0.28537540913148407,0.3480902777777777,0.24316001037344398,0.3455853155009282,0.281376129156256,0.30934343434343425,0.30156807751147374,0.31481900452488687,0.2586398334489938,0.379300039161531,0.26661151125819216,0.32727277309060854,0.32488673139158575,0.30120947176684876,0.35215863453815255,0.3695133233833451,0.29512169966996693,0.29844720496894406,0.3115664878190255,0.3605342215256008,0.3461635220125786,0.38442307692307687,0.2655531467612665,0.32707570207570213,0.35425821301527516,0.3479657885436881,0.33048982093766244,0.32836422240128926,0.3365994689255255
0.27733415233415226,0.05279503105590061,0.2950789837664701,0.21502957383347654,0.2327303171580537,0.21759581881533097,0.024839408945369235,0.0,0.05220188025729833,0.022075222075222056,0.03983240128213872,0.19004524886877827,0.2592517694641051,0.04607843137254902,0.2990196078431372,0.04958297888983404,0.2809149083362158,0.3131644777986241,0.041924550545240136,0.24001024590163933,0.2620327700972862,0.2923001703362563,0.2422675026123302,0.25531914893617025,0.256060606060606,0.18871374527112234,0.22499999999999998,0.33202625769722316,0.03983240128213872,0.18181818181818182,0.2819894910748668,0.10999999999999999,0.041059413399838984,0.21979470106810933,0.22952573398312132,0.023233377690083934,0.16580836454431963,0.04567307692307693,0.03798560173865795,0.2255525650436343,0.28394648829431435,0.36008771929824557,0.20255102040816325,0.27020585048754064,0.27020433223106666,0.17784992784992787,0.05820824017885656,0.29385964912280704,0.17222995130676738,0.27931436701912515,0.19827586206896552,0.2174333204483958,0.3271604938271605,0.2611003861003861,0.1218808777429467,0.34559481216457955,0.10911701363962673,0.3450202224469161,0.21955950032873112,0.22156084656084657,0.27367280606717226,0.09420792079207924,0.2838796398263911,0.23981900452488691,0.17900172117039587,0.3197205711552913,0.20706752264129313,0.25372807017543864,0.2574121679520137,0.3114874793097637,0.19569672131147542,0.28537540913148407,0.3480902777777777,0.24316001037344398,0.3455853155009282,0.281376129156256,0.30934343434343425,0.30156807751147374,0.31481900452488687,0.2586398334489938,0.379300039161531,0.26661151125819216,0.32727277309060854,0.32488673139158575,0.30120947176684876,0.35215863453815255,0.3695133233833451,0.29512169966996693,0.29844720496894406,0.3115664878190255,0.3605342215256008,0.3461635220125786,0.38442307692307687,0.2655531467612665,0.32707570207570213,0.35425821301527516,0.3479657885436881,0.33048982093766244,0.32836422240128926,0.3365994689255255
0.27733415233415226,0.03844537944274218,0.2950789837664701,0.21502957383347654,0.2327303171580537,0.21759581881533097,0.05220188025729833,0.05220188025729833,0.0,0.04984517907879216,0.05220188025729833,0.19004524886877827,0.2592517694641051,0.05220188025729833,0.2990196078431372,0.0548780487804878,0.2809149083362158,0.3131644777986241,0.05220188025729833,0.24001024590163933,0.2620327700972862,0.2923001703362563,0.2422675026123302,0.25531914893617025,0.256060606060606,0.18871374527112234,0.22499999999999998,0.33202625769722316,0.042660786997222866,0.18181818181818182,0.2819894910748668,0.10999999999999999,0.05220188025729833,0.21979470106810933,0.22952573398312132,0.05220188025729833,0.16580836454431963,0.05220188025729833,0.05220188025729833,0.2255525650436343,0.28394648829431435,0.36008771929824557,0.20255102040816325,0.27020585048754064,0.27020433223106666,0.17784992784992787,0.05820824017885656,0.29385964912280704,0.17222995130676738,0.27931436701912515,0.19827586206896552,0.2174333204483958,0.3271604938271605,0.2611003861003861,0.1218808777429467,0.34559481216457955,0.10911701363962673,0.3450202224469161,0.21955950032873112,0.22156084656084657,0.27367280606717226,0.09420792079207924,0.2838796398263911,0.23981900452488691,0.17900172117039587,0.3197205711552913,0.20706752264129313,0.25372807017543864,0.2574121679520137,0.3114874793097637,0.19569672131147542,0.28537540913148407,0.3480902777777777,0.24316001037344398,0.3455853155009282,0.281376129156256,0.30934343434343425,0.30156807751147374,0.31481900452488687,0.2586398334489938,0.379300039161531,0.26661151125819216,0.32727277309060854,0.32488673139158575,0.30120947176684876,0.35215863453815255,0.3695133233833451,0.29512169966996693,0.29844720496894406,0.3115664878190255,0.3605342215256008,0.3461635220125786,0.38442307692307687,0.2655531467612665,0.32707570207570213,0.35425821301527516,0.3479657885436881,0.33048982093766244,0.32836422240128926,0.3365994689255255
0.27733415233415226,0.052795031055900665,0.2950789837664701,0.21502957383347654,0.2327303171580537,0.21759581881533097,0.025691699604743157,0.022075222075222056,0.04984517907879216,0.0,0.055293768042112446,0.19004524886877827,0.2592517694641051,0.055293768042112446,0.2990196078431372,0.0426558821295665,0.2809149083362158,0.3131644777986241,0.04114219114219109,0.24001024590163933,0.2620327700972862,0.2923001703362563,0.2422675026123302,0.25531914893617025,0.256060606060606,0.18871374527112234,0.22499999999999998,0.33202625769722316,0.055293768042112446,0.18181818181818182,0.2819894910748668,0.10999999999999999,0.055293768042112446,0.21979470106810933,0.22952573398312132,0.023878905229019698,0.16580836454431963,0.055293768042112446,0.01898839137645103,0.2255525650436343,0.28394648829431435,0.36008771929824557,0.20255102040816325,0.27020585048754064,0.27020433223106666,0.17784992784992787,0.05820824017885656,0.29385964912280704,0.17222995130676738,0.27931436701912515,0.19827586206896552,0.2174333204483958,0.3271604938271605,0.2611003861003861,0.1218808777429467,0.34559481216457955,0.10911701363962673,0.3450202224469161,0.21955950032873112,0.22156084656084657,0.27367280606717226,0.09420792079207924,0.2838796398263911,0.23981900452488691,0.17900172117039587,0.3197205711552913,0.20706752264129313,0.25372807017543864,0.2574121679520137,0.3114874793097637,0.19569672131147542,0.28537540913148407,0.3480902777777777,0.24316001037344398,0.3455853155009282,0.281376129156256,0.30934343434343425,0.30156807751147374,0.31481900452488687,0.2586398334489938,0.379300039161531,0.26661151125819216,0.32727277309060854,0.32488673139158575,0.30120947176684876,0.35215863453815255,0.3695133233833451,0.29512169966996693,0.29844720496894406,0.3115664878190255,0.3605342215256008,0.3461635220125786,0.38442307692307687,0.2655531467612665,0.32707570207570213,0.35425821301527516,0.3479657885436881,0.33048982093766244,0.32836422240128926,0.3365994689255255
0.27733415233415226,0.05279503105590061,0.2950789837664701,0.21502957383347654,0.2327303171580537,0.21759581881533097,0.05811906948270584,0.03983240128213872,0.05220188025729833,0.055293768042112446,0.0,0.19004524886877827,0.2592517694641051,0.04607843137254902,0.2990196078431372,0.0548780487804878,0.2809149083362158,0.3131644777986241,0.044683257918552044,0.24001024590163933,0.2620327700972862,0.2923001703362563,0.2422675026123302,0.25531914893617025,0.256060606060606,0.18871374527112234,0.22499999999999998,0.33202625769722316,0.03928961109812179,0.18181818181818182,0.2819894910748668,0.10236220472440949,0.046434732604945406,0.21979470106810933,0.22952573398312132,0.04687533383185555,0.15957371833595102,0.035904640272456434,0.0452921023096462,0.2255525650436343,0.28394648829431435,0.36008771929824557,0.20255102040816325,0.27020585048754064,0.27020433223106666,0.17784992784992787,0.039953386439436245,0.29385964912280704,0.17222995130676738,0.27931436701912515,0.19827586206896552,0.2174333204483958,0.3271604938271605,0.2611003861003861,0.11777750351738947,0.34559481216457955,0.10236220472440949,0.3450202224469161,0.21955950032873112,0.22156084656084657,0.27367280606717226,0.07853403141361259,0.2838796398263911,0.23981900452488691,0.17900172117039587,0.3197205711552913,0.20706752264129313,0.25372807017543864,0.2574121679520137,0.3114874793097637,0.19569672131147542,0.28537540913148407,0.3480902777777777,0.24316001037344398,0.3455853155009282,0.281376129156256,0.30934343434343425,0.30156807751147374,0.31481900452488687,0.2586398334489938,0.379300039161531,0.26661151125819216,0.32727277309060854,0.32488673139158575,0.30120947176684876,0.35215863453815255,0.3695133233833451,0.29512169966996693,0.29844720496894406,0.3115664878190255,0.3605342215256008,0.3461635220125786,0.38442307692307687,0.2655531467612665,0.32707570207570213,0.35425821301527516,0.3479657885436881,0.33048982093766244,0.32836422240128926,0.3365994689255255
0.1745778069307481,0.19004524886877827,0.2100674697953837,0.049968649929396536,0.2238586156111929,0.18273809523809526,0.19004524886877827,0.19004524886877827,0.19004524886877827,0.19004524886877827,0.19004524886877827,0.0,0.13841304119065378,0.19004524886877827,0.27941176470588236,0.19004524886877827,0.18173931893487516,0.24623845785969178,0.19004524886877827,0.21979166666666672,0.14397504245701587,0.20450984293495622,0.10444450748710388,0.13054780013478395,0.24242424242424243,0.0564373897707231,0.06990950226244341,0.2839620176568898,0.19004524886877827,0.032509157509157505,0.1838884844121771,0.15658536585365856,0.19004524886877827,0.05949890439866212,0.07896097022868609,0.19004524886877827,0.1527777777777778,0.1828670315485731,0.19004524886877827,0.21832016388645015,0.18780247885107226,0.31399828241933503,0.04650019389507509,0.26702282661486165,0.26998143987496337,0.1534284688565788,0.16601425140324566,0.2857142857142857,0.1602453580901857,0.26860320686540207,0.17834336799854045,0.19930069930069927,0.2828798185941044,0.25198450198450206,0.13632874225166314,0.31317676838700603,0.15723335488041368,0.31317676838700603,0.17642390289449117,0.20796809602779753,0.24112111292962357,0.1607577619588657,0.27668604651162787,0.23126921826954328,0.1610757663389243,0.31271777003484325,0.19368643974322208,0.2529761904761906,0.237890989314813,0.2848855430749173,0.19053643724696356,0.2839367444533383,0.31317676838700603,0.23641471674876846,0.3157244362063639,0.2740842653411445,0.2835398180702048,0.2961506961506961,0.30864793678665503,0.25275309723438877,0.34653006428260447,0.25854516731293986,0.31317676838700603,0.3157244362063639,0.28065513721251434,0.3226176808266361,0.3277307354707789,0.28991336633663367,0.2841138114997036,0.3106770833333333,0.3226176808266361,0.3157244362063639,0.35256410256410253,0.2629700107683911,0.3157244362063639,0.32095965624253997,0.3226176808266361,0.31528999578868555,0.3157244362063639,0.31317676838700603
0.03616476574009431,0.2592517694641051,0.07165442860472993,0.08844439126125725,0.2238586156111929,0.18273809523809526,0.2592517694641051,0.2592517694641051,0.2592517694641051,0.2592517694641051,0.2592517694641051,0.13841304119065378,0.0,0.2592517694641051,0.27941176470588236,0.2592517694641051,0.043326277744221375,0.107825416669038,0.2592517694641051,0.21979166666666672,0.03592127892000019,0.06609680174430244,0.03396853370354991,0.03712160538628417,0.24242424242424243,0.14107604838596566,0.06850353892821037,0.145548976466236,0.2592517694641051,0.15486717529184668,0.045475443221523304,0.256896046852123,0.2592517694641051,0.07891413679199166,0.059452070961967696,0.2592517694641051,0.18688680983957107,0.2592517694641051,0.2592517694641051,0.21832016388645015,0.04938943766041848,0.32588373919874314,0.11340149811188383,0.26702282661486165,0.26998143987496337,0.1628036832283546,0.2579846048468639,0.2857142857142857,0.17404363631467556,0.26860320686540207,0.17834336799854045,0.19930069930069927,0.2828798185941044,0.25198450198450206,0.22932993730407514,0.32958282159977814,0.2592517694641051,0.33349802371541504,0.17642390289449117,0.20796809602779753,0.24112111292962357,0.2532895982788792,0.27668604651162787,0.23126921826954328,0.1610757663389243,0.31271777003484325,0.19368643974322208,0.2529761904761906,0.237890989314813,0.2848855430749173,0.19053643724696356,0.2839367444533383,0.32861875637105,0.23641471674876846,0.34101966190299293,0.2740842653411445,0.2835398180702048,0.2961506961506961,0.30864793678665503,0.25275309723438877,0.37891298778925797,0.25854516731293986,0.3173273810621853,0.3240414258188825,0.28065513721251434,0.3519736842105263,0.36138072669826227,0.28991336633663367,0.2841138114997036,0.3106770833333333,0.33002567140600314,0.3236239782016349,0.383987030411449,0.2629700107683911,0.3233408748114631,0.35365951791938344,0.33855283307810113,0.326845040341718,0.3265603951504267,0.3364870423693953
0.27733415233415226,0.05279503105590061,0.2950789837664701,0.21502957383347654,0.2327303171580537,0.21759581881533097,0.05811906948270584,0.04607843137254902,0.05220188025729833,0.055293768042112446,0.04607843137254902,0.19004524886877827,0.2592517694641051,0.0,0.2990196078431372,0.04958297888983404,0.2809149083362158,0.3131644777986241,0.044683257918552044,0.24001024590163933,0.2620327700972862,0.2923001703362563,0.2422675026123302,0.25531914893617025,0.256060606060606,0.18871374527112234,0.22499999999999998,0.33202625769722316,0.04607843137254902,0.18181818181818182,0.2819894910748668,0.10999999999999999,0.03181771763280361,0.21979470106810933,0.22952573398312132,0.04687533383185555,0.16580836454431963,0.04607843137254902,0.0452921023096462,0.2255525650436343,0.28394648829431435,0.36008771929824557,0.20255102040816325,0.27020585048754064,0.27020433223106666,0.17784992784992787,0.05820824017885656,0.29385964912280704,0.17222995130676738,0.27931436701912515,0.19827586206896552,0.2174333204483958,0.3271604938271605,0.2611003861003861,0.1218808777429467,0.34559481216457955,0.10911701363962673,0.3450202224469161,0.21955950032873112,0.22156084656084657,0.27367280606717226,0.09420792079207924,0.2838796398263911,0.23981900452488691,0.17900172117039587,0.3197205711552913,0.20706752264129313,0.25372807017543864,0.2574121679520137,0.3114874793097637,0.19569672131147542,0.28537540913148407,0.3480902777777777,0.24316001037344398,0.3455853155009282,0.281376129156256,0.30934343434343425,0.30156807751147374,0.31481900452488687,0.2586398334489938,0.379300039161531,0.26661151125819216,0.32727277309060854,0.32488673139158575,0.30120947176684876,0.35215863453815255,0.3695133233833451,0.29512169966996693,0.29844720496894406,0.3115664878190255,0.3605342215256008,0.3461635220125786,0.38442307692307687,0.2655531467612665,0.32707570207570213,0.35425821301527516,0.3479657885436881,0.33048982093766244,0.32836422240128926,0.3365994689255255
0.27941176470588236,0.2990196078431372,0.27941176470588236,0.27941176470588236,0.19990903577926022,0.19334733893557432,0.2990196078431372,0.2990196078431372,0.2990196078431372,0.2990196078431372,0.2990196078431372,0.27941176470588236,0.27941176470588236,0.2990196078431372,0.0,0.2990196078431372,0.27941176470588236,0.27941176470588236,0.2990196078431372,0.11924019607843139,0.27941176470588236,0.27941176470588236,0.27941176470588236,0.27941176470588236,0.0859180035650624,0.27941176470588236,0.27941176470588236,0.27941176470588236,0.2990196078431372,0.27941176470588236,0.27941176470588236,0.2990196078431372,0.2990196078431372,0.27941176470588236,0.27941176470588236,0.2990196078431372,0.25948773448773454,0.2990196078431372,0.2990196078431372,0.1469340855990059,0.27941176470588236,0.12213622291021675,0.27941176470588236,0.057627514711193206,0.05763055122414107,0.25196659169860725,0.2990196078431372,0.26574803149606296,0.25357931307273973,0.039410481648024076,0.20213679341468394,0.16317257478948288,0.05702542326746163,0.07583844348550228,0.2834077731850084,0.10034211378779156,0.2990196078431372,0.3084735857877513,0.2059757236227825,0.15491752256458136,0.07658130355251758,0.290768782760629,0.2640031196823597,0.11840120663650067,0.24003577334548276,0.31165311653116534,0.18390417040368823,0.23934108527131792,0.23165459219443796,0.28217689686165837,0.20664577306332366,0.26606756910476625,0.09841398333033513,0.23027997211895912,0.34049364975380914,0.27330251237508174,0.2823953823953824,0.2617818823848975,0.3004615296410963,0.24809160305343514,0.37309555211933776,0.25757575757575757,0.3114187879724637,0.32200980392156864,0.27958855673416916,0.34521028037383183,0.35755712099138814,0.26947028276314666,0.2592472342472343,0.31005403037383183,0.32791666666666663,0.3232275132275133,0.3697770345596433,0.2500546243406062,0.3167314894842985,0.33241903753026636,0.33586404589274643,0.31528999578868555,0.3206077132839892,0.30257843760517555
0.27733415233415226,0.0548780487804878,0.2950789837664701,0.21502957383347654,0.2327303171580537,0.21759581881533097,0.04501922317667295,0.04958297888983404,0.0548780487804878,0.0426558821295665,0.0548780487804878,0.19004524886877827,0.2592517694641051,0.04958297888983404,0.2990196078431372,0.0,0.2809149083362158,0.3131644777986241,0.03896517956776213,0.24001024590163933,0.2620327700972862,0.2923001703362563,0.2422675026123302,0.25531914893617025,0.256060606060606,0.18871374527112234,0.22499999999999998,0.33202625769722316,0.0548780487804878,0.18181818181818182,0.2819894910748668,0.10999999999999999,0.032482008381200966,0.21979470106810933,0.22952573398312132,0.0496430256378908,0.16580836454431963,0.0548780487804878,0.04737628384687198,0.2255525650436343,0.28394648829431435,0.36008771929824557,0.20255102040816325,0.27020585048754064,0.27020433223106666,0.17784992784992787,0.05820824017885656,0.29385964912280704,0.17222995130676738,0.27931436701912515,0.19827586206896552,0.2174333204483958,0.3271604938271605,0.2611003861003861,0.1218808777429467,0.34559481216457955,0.10911701363962673,0.3450202224469161,0.21955950032873112,0.22156084656084657,0.27367280606717226,0.09420792079207924,0.2838796398263911,0.23981900452488691,0.17900172117039587,0.3197205711552913,0.20706752264129313,0.25372807017543864,0.2574121679520137,0.3114874793097637,0.19569672131147542,0.28537540913148407,0.3480902777777777,0.24316001037344398,0.3455853155009282,0.281376129156256,0.30934343434343425,0.30156807751147374,0.31481900452488687,0.2586398334489938,0.379300039161531,0.26661151125819216,0.32727277309060854,0.32488673139158575,0.30120947176684876,0.35215863453815255,0.3695133233833451,0.29512169966996693,0.29844720496894406,0.3115664878190255,0.3605342215256008,0.3461635220125786,0.38442307692307687,0.2655531467612665,0.32707570207570213,0.35425821301527516,0.3479657885436881,0.33048982093766244,0.32836422240128926,0.3365994689255255
0.023284375040815375,0.2809149083362158,0.046426941660094756,0.13177066900547862,0.2238586156111929,0.18273809523809526,0.2809149083362158,0.2809149083362158,0.2809149083362158,0.2809149083362158,0.2809149083362158,0.18173931893487516,0.043326277744221375,0.2809149083362158,0.27941176470588236,0.2809149083362158,0.0,0.06449913892481662,0.2809149083362158,0.21979166666666672,0.03776427647785929,0.043840867036743336,0.07729481144777128,0.05119151880009121,0.24242424242424243,0.18440232613018703,0.11182981667243175,0.10222269872201462,0.2809149083362158,0.19819345303606806,0.027619876112281228,0.2809149083362158,0.2809149083362158,0.12224041453621304,0.10277834870618907,0.2809149083362158,0.23021308758379244,0.2809149083362158,0.2809149083362158,0.21832016388645015,0.042701869217845356,0.32588373919874314,0.1567277758561052,0.26702282661486165,0.26998143987496337,0.20612996097257597,0.2809149083362158,0.2857142857142857,0.21736991405889694,0.26860320686540207,0.17834336799854045,0.19930069930069927,0.2828798185941044,0.25198450198450206,0.24925977103109798,0.32958282159977814,0.2809149083362158,0.33349802371541504,0.17642390289449117,0.20796809602779753,0.24112111292962357,0.27479515192898607,0.27668604651162787,0.23126921826954328,0.20382637433163997,0.31271777003484325,0.19368643974322208,0.2529761904761906,0.237890989314813,0.2848855430749173,0.19053643724696356,0.2839367444533383,0.32861875637105,0.23641471674876846,0.34101966190299293,0.2740842653411445,0.2835398180702048,0.2961506961506961,0.30864793678665503,0.25275309723438877,0.37891298778925797,0.25854516731293986,0.3173273810621853,0.3240414258188825,0.28065513721251434,0.3519736842105263,0.36138072669826227,0.28991336633663367,0.2841138114997036,0.3106770833333333,0.33002567140600314,0.3236239782016349,0.383987030411449,0.2629700107683911,0.3233408748114631,0.35365951791938344,0.33855283307810113,0.326845040341718,0.3265603951504267,0.3364870423693953
0.07166065092894369,0.3131644777986241,0.03792950117228555,0.19626980793029525,0.2238586156111929,0.1911373179665864,0.3131644777986241,0.3131644777986241,0.3131644777986241,0.3131644777986241,0.3131644777986241,0.24623845785969178,0.107825416669038,0.3131644777986241,0.27941176470588236,0.3131644777986241,0.06449913892481662,0.0,0.3131644777986241,0.21979166666666672,0.10226341540267592,0.04172861492473556,0.1417939503725879,0.11569065772490783,0.24242424242424243,0.24890146505500366,0.17632895559724837,0.03792950117228555,0.3131644777986241,0.2626925919608847,0.062349973447514695,0.3131644777986241,0.3131644777986241,0.18673955346102966,0.1672774876310057,0.3131644777986241,0.28277982795721157,0.3131644777986241,0.3131644777986241,0.21832016388645015,0.05843597900861952,0.32588373919874314,0.22122691478092182,0.26702282661486165,0.26998143987496337,0.2706290998973926,0.3131644777986241,0.2857142857142857,0.28186905298371356,0.26860320686540207,0.22977723145931728,0.19930069930069927,0.2828798185941044,0.25198450198450206,0.30246606231110207,0.32958282159977814,0.3131644777986241,0.33349802371541504,0.1872099549397861,0.20796809602779753,0.24112111292962357,0.290768782760629,0.27668604651162787,0.23126921826954328,0.2683255132564566,0.31271777003484325,0.21219391031466206,0.2529761904761906,0.237890989314813,0.2848855430749173,0.2349355129742975,0.2839367444533383,0.32861875637105,0.23641471674876846,0.34101966190299293,0.2740842653411445,0.2835398180702048,0.2961506961506961,0.30864793678665503,0.25275309723438877,0.37891298778925797,0.25854516731293986,0.3173273810621853,0.3240414258188825,0.28065513721251434,0.3519736842105263,0.36138072669826227,0.28991336633663367,0.2841138114997036,0.3106770833333333,0.33002567140600314,0.3236239782016349,0.383987030411449,0.2629700107683911,0.3233408748114631,0.35365951791938344,0.33855283307810113,0.326845040341718,0.3265603951504267,0.3364870423693953
0.27733415233415226,0.05279503105590061,0.2950789837664701,0.21502957383347654,0.2327303171580537,0.21759581881533097,0.0424465240641711,0.041924550545240136,0.05220188025729833,0.04114219114219109,0.044683257918552044,0.19004524886877827,0.2592517694641051,0.044683257918552044,0.2990196078431372,0.03896517956776213,0.2809149083362158,0.3131644777986241,0.0,0.24001024590163933,0.2620327700972862,0.2923001703362563,0.2422675026123302,0.25531914893617025,0.256060606060606,0.18871374527112234,0.22499999999999998,0.33202625769722316,0.044683257918552044,0.18181818181818182,0.2819894910748668,0.10999999999999999,0.032700756838687894,0.21979470106810933,0.22952573398312132,0.026609465096307128,0.16580836454431963,0.04567307692307693,0.03798560173865795,0.2255525650436343,0.28394648829431435,0.36008771929824557,0.20255102040816325,0.27020585048754064,0.27020433223106666,0.17784992784992787,0.05820824017885656,0.29385964912280704,0.17222995130676738,0.27931436701912515,0.19827586206896552,0.2174333204483958,0.3271604938271605,0.2611003861003861,0.1218808777429467,0.34559481216457955,0.10911701363962673,0.3450202224469161,0.21955950032873112,0.22156084656084657,0.27367280606717226,0.09420792079207924,0.2838796398263911,0.23981900452488691,0.17900172117039587,0.3197205711552913,0.20706752264129313,0.25372807017543864,0.2574121679520137,0.3114874793097637,0.19569672131147542,0.28537540913148407,0.3480902777777777,0.24316001037344398,0.3455853155009282,0.281376129156256,0.30934343434343425,0.30156807751147374,0.31481900452488687,0.2586398334489938,0.379300039161531,0.26661151125819216,0.32727277309060854,0.32488673139158575,0.30120947176684876,0.35215863453815255,0.3695133233833451,0.29512169966996693,0.29844720496894406,0.3115664878190255,0.3605342215256008,0.3461635220125786,0.38442307692307687,0.2655531467612665,0.32707570207570213,0.35425821301527516,0.3479657885436881,0.33048982093766244,0.32836422240128926,0.3365994689255255
0.21979166666666672,0.24001024590163933,0.21979166666666672,0.21979166666666672,0.19990903577926022,0.07410714285714293,0.24001024590163933,0.24001024590163933,0.24001024590163933,0.24001024590163933,0.24001024590163933,0.21979166666666672,0.21979166666666672,0.24001024590163933,0.11924019607843139,0.24001024590163933,0.21979166666666672,0.21979166666666672,0.24001024590163933,0.0,0.21979166666666672,0.21979166666666672,0.21979166666666672,0.21979166666666672,0.045265151515151536,0.21979166666666672,0.21979166666666672,0.21979166666666672,0.24001024590163933,0.21979166666666672,0.21979166666666672,0.23933083663086485,0.24001024590163933,0.21979166666666672,0.21979166666666672,0.24001024590163933,0.1484037627146394,0.24001024590163933,0.24001024590163933,0.03851480588269163,0.21979166666666672,0.2401549467932126,0.21979166666666672,0.09446231989638987,0.10037954641659341,0.13272639562017585,0.2368035190615836,0.26574803149606296,0.1355605891897439,0.0976230803974707,0.08346876766534761,0.04515385090648705,0.17430049585104235,0.06438567063567069,0.22408695873792583,0.21958230986622296,0.22740725138516016,0.3084735857877513,0.0867355275443511,0.03689879868158552,0.06732512033106586,0.2220375506520207,0.2640031196823597,0.043407012195122,0.1523809523809524,0.31165311653116534,0.17448727742845394,0.23934108527131792,0.23165459219443796,0.28217689686165837,0.08862704918032782,0.26606756910476625,0.21765417940876652,0.23027997211895912,0.34049364975380914,0.27330251237508174,0.2823953823953824,0.2617818823848975,0.3004615296410963,0.24809160305343514,0.37309555211933776,0.25757575757575757,0.3114187879724637,0.32200980392156864,0.27958855673416916,0.34521028037383183,0.35755712099138814,0.26947028276314666,0.2592472342472343,0.31005403037383183,0.32791666666666663,0.3232275132275133,0.3697770345596433,0.2500546243406062,0.3167314894842985,0.33241903753026636,0.33586404589274643,0.31528999578868555,0.3206077132839892,0.30257843760517555
