0.0,inf,0.05063795853269526,0.03506923540036122,0.033944009880609305,inf,inf,inf,inf,inf,inf,inf,inf,inf,0.029857397504456373,inf,0.023026315789473673,inf,inf,0.024362128347508283,0.05205278592375362,0.05991735537190079,0.062434691745036464,0.04690522243713724,0.04999999999999993,0.0599850968703427,0.034848484848484795,0.029114777416415438,inf,0.037878787878787845,inf,inf,inf,0.06069118147769825,0.03466226510919246,inf,inf,inf,inf,0.032794102208962506,0.03198818897637801,inf,0.06307977736549164,inf,inf,inf,inf,inf,inf,inf,inf,inf,inf,inf,inf,inf,inf,inf,inf,inf,inf,inf,inf,inf,inf,inf,inf,inf,inf,inf,inf,inf,inf,inf,inf,inf,inf,inf,inf,inf,inf,inf,inf,inf,inf,inf,inf,inf,inf,inf,inf,inf,inf,inf,inf,inf,inf,inf,inf,inf
inf,0.0,inf,inf,inf,0.021575678326250403,0.02115491052210805,0.034846547314578036,0.03210770459296752,0.02565706234184506,0.021460423634336645,0.019370078740157504,0.029168959823885565,0.0259571706683972,inf,0.019746149243321853,inf,0.02740447957839265,0.026721851643494388,inf,inf,inf,inf,inf,inf,inf,inf,inf,0.034485955316584826,inf,0.035146189971216546,inf,0.02405180388529138,inf,inf,0.016921269095182212,inf,0.03144409937888204,0.025496511003757383,inf,inf,inf,inf,inf,inf,inf,inf,inf,inf,inf,inf,inf,inf,inf,inf,inf,inf,inf,inf,inf,inf,inf,inf,inf,inf,inf,inf,inf,inf,inf,inf,inf,inf,inf,inf,inf,inf,inf,inf,inf,inf,inf,inf,inf,inf,inf,inf,inf,inf,inf,inf,inf,inf,inf,inf,inf,inf,inf,inf,inf
0.05063795853269526,inf,0.0,0.023757499444485575,0.053884711779448535,inf,inf,inf,inf,inf,inf,inf,inf,inf,0.08049535603715163,inf,0.054490038655961914,inf,inf,0.0562266321541558,0.01881678798203501,0.01895154712056124,0.02448985675744164,0.019973964689610324,0.02193202745688927,0.017126691643091996,0.016803865425912612,0.04385964912280693,inf,0.02093582227014401,inf,inf,inf,0.01633197802538877,0.022507401449984865,inf,inf,inf,inf,0.07535231521426511,0.02860998650472335,inf,0.017808395156887258,inf,inf,inf,inf,inf,inf,inf,inf,inf,inf,inf,inf,inf,inf,inf,inf,inf,inf,inf,inf,inf,inf,inf,inf,inf,inf,inf,inf,inf,inf,inf,inf,inf,inf,inf,inf,inf,inf,inf,inf,inf,inf,inf,inf,inf,inf,inf,inf,inf,inf,inf,inf,inf,inf,inf,inf,inf
0.03506923540036122,inf,0.023757499444485575,0.0,0.038315988647114496,inf,inf,inf,inf,inf,inf,inf,inf,inf,0.0649266329048176,inf,0.038921315523627875,inf,inf,0.04065790902182176,0.019230769230769273,0.029367770243318714,0.029367770243318714,0.018429487179487225,0.02207149009474585,0.024915861469981482,0.02626010003847634,0.028290925990472893,inf,0.019875776397515477,inf,inf,inf,0.025621946077337032,0.022916871135538308,inf,inf,inf,inf,0.05978359208193107,0.024869209189476105,inf,0.02801054196513042,inf,inf,inf,inf,inf,inf,inf,inf,inf,inf,inf,inf,inf,inf,inf,inf,inf,inf,inf,inf,inf,inf,inf,inf,inf,inf,inf,inf,inf,inf,inf,inf,inf,inf,inf,inf,inf,inf,inf,inf,inf,inf,inf,inf,inf,inf,inf,inf,inf,inf,inf,inf,inf,inf,inf,inf,inf
0.033944009880609305,inf,0.053884711779448535,0.038315988647114496,0.0,inf,inf,inf,inf,inf,inf,inf,inf,inf,0.028475084301236464,inf,0.02558212383836278,inf,inf,0.022932330827067693,0.055299539170506895,0.06316410861865407,0.06568144499178974,0.050151975683890515,0.05324675324675321,0.06323185011709598,0.03809523809523807,0.016585486158209428,inf,0.04112554112554112,inf,inf,inf,0.06393793472445153,0.037909018355945734,inf,inf,inf,inf,0.03592814371257491,0.025274725274725185,inf,0.06632653061224492,inf,inf,inf,inf,inf,inf,inf,inf,inf,inf,inf,inf,inf,inf,inf,inf,inf,inf,inf,inf,inf,inf,inf,inf,inf,inf,inf,inf,inf,inf,inf,inf,inf,inf,inf,inf,inf,inf,inf,inf,inf,inf,inf,inf,inf,inf,inf,inf,inf,inf,inf,inf,inf,inf,inf,inf,inf
inf,0.021575678326250403,inf,inf,inf,0.0,0.02662037037037035,0.02438915641162831,0.021161128046696676,0.019994136616827918,0.024135220125786172,0.02136752136752129,0.018821839080459757,0.01911764705882346,inf,0.0269905533063427,inf,0.017407578321283923,0.021939105062699027,inf,inf,inf,inf,inf,inf,inf,inf,inf,0.02552796472499419,inf,0.02119392440833634,inf,0.02085577959058027,inf,inf,0.02298265460030169,inf,0.030250648228176358,0.021773057744280844,inf,inf,inf,inf,inf,inf,inf,inf,inf,inf,inf,inf,inf,inf,inf,inf,inf,inf,inf,inf,inf,inf,inf,inf,inf,inf,inf,inf,inf,inf,inf,inf,inf,inf,inf,inf,inf,inf,inf,inf,inf,inf,inf,inf,inf,inf,inf,inf,inf,inf,inf,inf,inf,inf,inf,inf,inf,inf,inf,inf,inf
inf,0.02115491052210805,inf,inf,inf,0.02662037037037035,0.0,0.025132275132275117,0.021207961564859268,0.02107477036655514,0.020555862692868243,0.021505592931286843,0.020922856558215686,0.01673454144511033,inf,0.017255187477247858,inf,0.017340067340067322,0.026575433175146213,inf,inf,inf,inf,inf,inf,inf,inf,inf,0.02740892066734768,inf,0.02946127946127941,inf,0.023143523143523193,inf,inf,0.02302082060057853,inf,0.036772983114446545,0.019716494845360866,inf,inf,inf,inf,inf,inf,inf,inf,inf,inf,inf,inf,inf,inf,inf,inf,inf,inf,inf,inf,inf,inf,inf,inf,inf,inf,inf,inf,inf,inf,inf,inf,inf,inf,inf,inf,inf,inf,inf,inf,inf,inf,inf,inf,inf,inf,inf,inf,inf,inf,inf,inf,inf,inf,inf,inf,inf,inf,inf,inf,inf
inf,0.034846547314578036,inf,inf,inf,0.02438915641162831,0.025132275132275117,0.0,0.03210770459296752,0.014715608465608376,0.01338612368024139,0.023459383753501428,0.02329004329004336,0.019397260273972594,inf,0.031753452243958535,inf,0.01761757334512759,0.015196078431372606,inf,inf,inf,inf,inf,inf,inf,inf,inf,0.01728835854552291,inf,0.012562875720770417,inf,0.014648033126294036,inf,inf,0.017925278219395824,inf,0.04567307692307693,0.015625,inf,inf,inf,inf,inf,inf,inf,inf,inf,inf,inf,inf,inf,inf,inf,inf,inf,inf,inf,inf,inf,inf,inf,inf,inf,inf,inf,inf,inf,inf,inf,inf,inf,inf,inf,inf,inf,inf,inf,inf,inf,inf,inf,inf,inf,inf,inf,inf,inf,inf,inf,inf,inf,inf,inf,inf,inf,inf,inf,inf,inf
inf,0.03210770459296752,inf,inf,inf,0.021161128046696676,0.021207961564859268,0.03210770459296752,0.0,0.023975967882310045,0.03210770459296752,0.021142946400678375,0.022659574468085086,0.03125271153952347,inf,0.029555460404246725,inf,0.028048013164900132,0.02661857768730369,inf,inf,inf,inf,inf,inf,inf,inf,inf,0.03210770459296752,inf,0.03210770459296752,inf,0.03210770459296752,inf,inf,0.030375018676228938,inf,0.023953446409238466,0.025824086161879922,inf,inf,inf,inf,inf,inf,inf,inf,inf,inf,inf,inf,inf,inf,inf,inf,inf,inf,inf,inf,inf,inf,inf,inf,inf,inf,inf,inf,inf,inf,inf,inf,inf,inf,inf,inf,inf,inf,inf,inf,inf,inf,inf,inf,inf,inf,inf,inf,inf,inf,inf,inf,inf,inf,inf,inf,inf,inf,inf,inf,inf
inf,0.02565706234184506,inf,inf,inf,0.019994136616827918,0.02107477036655514,0.014715608465608376,0.023975967882310045,0.0,0.020074632022666128,0.021865121180189573,0.018100358422939,0.01673454144511033,inf,0.02344116268166896,inf,0.01564426194267865,0.02162524366471741,inf,inf,inf,inf,inf,inf,inf,inf,inf,0.024346345145245918,inf,0.017983193277310905,inf,0.01985624438454625,inf,inf,0.020821878054741005,inf,0.03749999999999998,0.018369503772703855,inf,inf,inf,inf,inf,inf,inf,inf,inf,inf,inf,inf,inf,inf,inf,inf,inf,inf,inf,inf,inf,inf,inf,inf,inf,inf,inf,inf,inf,inf,inf,inf,inf,inf,inf,inf,inf,inf,inf,inf,inf,inf,inf,inf,inf,inf,inf,inf,inf,inf,inf,inf,inf,inf,inf,inf,inf,inf,inf,inf,inf
inf,0.021460423634336645,inf,inf,inf,0.024135220125786172,0.020555862692868243,0.01338612368024139,0.03210770459296752,0.020074632022666128,0.0,0.02501152604887047,0.02329004329004336,0.020748114927800487,inf,0.025353999234596136,inf,0.021585827313381545,0.01942645698427392,inf,inf,inf,inf,inf,inf,inf,inf,inf,0.024842374246590526,inf,0.020331699694580596,inf,0.017425810904071803,inf,inf,0.017217257875259517,inf,0.04487179487179482,0.015625,inf,inf,inf,inf,inf,inf,inf,inf,inf,inf,inf,inf,inf,inf,inf,inf,inf,inf,inf,inf,inf,inf,inf,inf,inf,inf,inf,inf,inf,inf,inf,inf,inf,inf,inf,inf,inf,inf,inf,inf,inf,inf,inf,inf,inf,inf,inf,inf,inf,inf,inf,inf,inf,inf,inf,inf,inf,inf,inf,inf,inf
inf,0.019370078740157504,inf,inf,inf,0.02136752136752129,0.021505592931286843,0.023459383753501428,0.021142946400678375,0.021865121180189573,0.02501152604887047,0.0,0.020656396076107697,0.01785273549979427,inf,0.021290382301212607,inf,0.017781796262808958,0.027714553487749316,inf,inf,inf,inf,inf,inf,inf,inf,inf,0.02612159329140462,inf,0.019270682650096238,inf,0.02117327117327117,inf,inf,0.022844423617619514,inf,0.03263403263403264,0.023244030654252956,inf,inf,inf,inf,inf,inf,inf,inf,inf,inf,inf,inf,inf,inf,inf,inf,inf,inf,inf,inf,inf,inf,inf,inf,inf,inf,inf,inf,inf,inf,inf,inf,inf,inf,inf,inf,inf,inf,inf,inf,inf,inf,inf,inf,inf,inf,inf,inf,inf,inf,inf,inf,inf,inf,inf,inf,inf,inf,inf,inf,inf
inf,0.029168959823885565,inf,inf,inf,0.018821839080459757,0.020922856558215686,0.02329004329004336,0.022659574468085086,0.018100358422939,0.02329004329004336,0.020656396076107697,0.0,0.019565530139548315,inf,0.025293892010198826,inf,0.022099871959026962,0.018048128342246006,inf,inf,inf,inf,inf,inf,inf,inf,inf,0.02329004329004336,inf,0.02329004329004336,inf,0.02329004329004336,inf,inf,0.02329004329004336,inf,0.03273809523809523,0.018048128342246006,inf,inf,inf,inf,inf,inf,inf,inf,inf,inf,inf,inf,inf,inf,inf,inf,inf,inf,inf,inf,inf,inf,inf,inf,inf,inf,inf,inf,inf,inf,inf,inf,inf,inf,inf,inf,inf,inf,inf,inf,inf,inf,inf,inf,inf,inf,inf,inf,inf,inf,inf,inf,inf,inf,inf,inf,inf,inf,inf,inf,inf
inf,0.0259571706683972,inf,inf,inf,0.01911764705882346,0.01673454144511033,0.019397260273972594,0.03125271153952347,0.01673454144511033,0.020748114927800487,0.01785273549979427,0.019565530139548315,0.0,inf,0.02208210285471046,inf,0.019863777089783263,0.02147137441255087,inf,inf,inf,inf,inf,inf,inf,inf,inf,0.023485420486822783,inf,0.016987693953986027,inf,0.01854369406816969,inf,inf,0.019322404371584723,inf,0.04075091575091572,0.019277222814105377,inf,inf,inf,inf,inf,inf,inf,inf,inf,inf,inf,inf,inf,inf,inf,inf,inf,inf,inf,inf,inf,inf,inf,inf,inf,inf,inf,inf,inf,inf,inf,inf,inf,inf,inf,inf,inf,inf,inf,inf,inf,inf,inf,inf,inf,inf,inf,inf,inf,inf,inf,inf,inf,inf,inf,inf,inf,inf,inf,inf,inf
0.029857397504456373,inf,0.08049535603715163,0.0649266329048176,0.028475084301236464,inf,inf,inf,inf,inf,inf,inf,inf,inf,0.0,inf,0.026486671223513336,inf,inf,0.024268723882995835,0.08191018342820999,0.08977475287635717,0.09229208924949284,0.07676261994159361,0.0798573975044563,0.08984249437479908,0.06470588235294117,0.0366357069143447,inf,0.06773618538324422,inf,inf,inf,0.09054857898215463,0.06451966261364883,inf,inf,inf,inf,0.02755765065613458,0.05188536953242828,inf,0.09293717486994801,inf,inf,inf,inf,inf,inf,inf,inf,inf,inf,inf,inf,inf,inf,inf,inf,inf,inf,inf,inf,inf,inf,inf,inf,inf,inf,inf,inf,inf,inf,inf,inf,inf,inf,inf,inf,inf,inf,inf,inf,inf,inf,inf,inf,inf,inf,inf,inf,inf,inf,inf,inf,inf,inf,inf,inf,inf
inf,0.019746149243321853,inf,inf,inf,0.0269905533063427,0.017255187477247858,0.031753452243958535,0.029555460404246725,0.02344116268166896,0.025353999234596136,0.021290382301212607,0.025293892010198826,0.02208210285471046,inf,0.0,inf,0.02352941176470591,0.03605439510914288,inf,inf,inf,inf,inf,inf,inf,inf,inf,0.0344006499145586,inf,0.035650623885918,inf,0.030498683204485677,inf,inf,0.02834542908072324,inf,0.02195192866834661,0.022721215351812263,inf,inf,inf,inf,inf,inf,inf,inf,inf,inf,inf,inf,inf,inf,inf,inf,inf,inf,inf,inf,inf,inf,inf,inf,inf,inf,inf,inf,inf,inf,inf,inf,inf,inf,inf,inf,inf,inf,inf,inf,inf,inf,inf,inf,inf,inf,inf,inf,inf,inf,inf,inf,inf,inf,inf,inf,inf,inf,inf,inf,inf
0.023026315789473673,inf,0.054490038655961914,0.038921315523627875,0.02558212383836278,inf,inf,inf,inf,inf,inf,inf,inf,inf,0.026486671223513336,inf,0.0,inf,inf,0.014965986394557818,0.055904866047020274,0.06376943549516745,0.06628677186830312,0.050757302560403894,0.05385208012326659,0.06383717699360936,0.03870056497175145,0.027690494893951256,inf,0.0417308680020545,inf,inf,inf,0.06454326160096491,0.03851434523245911,inf,inf,inf,inf,0.03537661519067126,0.025880052151238564,inf,0.0669318574887583,inf,inf,inf,inf,inf,inf,inf,inf,inf,inf,inf,inf,inf,inf,inf,inf,inf,inf,inf,inf,inf,inf,inf,inf,inf,inf,inf,inf,inf,inf,inf,inf,inf,inf,inf,inf,inf,inf,inf,inf,inf,inf,inf,inf,inf,inf,inf,inf,inf,inf,inf,inf,inf,inf,inf,inf,inf
inf,0.02740447957839265,inf,inf,inf,0.017407578321283923,0.017340067340067322,0.01761757334512759,0.028048013164900132,0.01564426194267865,0.021585827313381545,0.017781796262808958,0.022099871959026962,0.019863777089783263,inf,0.02352941176470591,inf,0.0,0.01862611073137388,inf,inf,inf,inf,inf,inf,inf,inf,inf,0.02294411631076776,inf,0.014551607445008496,inf,0.017848470131131555,inf,inf,0.019942114059761096,inf,0.034127843986998974,0.015625,inf,inf,inf,inf,inf,inf,inf,inf,inf,inf,inf,inf,inf,inf,inf,inf,inf,inf,inf,inf,inf,inf,inf,inf,inf,inf,inf,inf,inf,inf,inf,inf,inf,inf,inf,inf,inf,inf,inf,inf,inf,inf,inf,inf,inf,inf,inf,inf,inf,inf,inf,inf,inf,inf,inf,inf,inf,inf,inf,inf,inf
inf,0.026721851643494388,inf,inf,inf,0.021939105062699027,0.026575433175146213,0.015196078431372606,0.02661857768730369,0.02162524366471741,0.01942645698427392,0.027714553487749316,0.018048128342246006,0.02147137441255087,inf,0.03605439510914288,inf,0.01862611073137388,0.0,inf,inf,inf,inf,inf,inf,inf,inf,inf,0.021064238050233386,inf,0.017688194158782422,inf,0.019180327868852487,inf,inf,0.016274509803921533,inf,0.04524886877828049,0.020956937799043063,inf,inf,inf,inf,inf,inf,inf,inf,inf,inf,inf,inf,inf,inf,inf,inf,inf,inf,inf,inf,inf,inf,inf,inf,inf,inf,inf,inf,inf,inf,inf,inf,inf,inf,inf,inf,inf,inf,inf,inf,inf,inf,inf,inf,inf,inf,inf,inf,inf,inf,inf,inf,inf,inf,inf,inf,inf,inf,inf,inf,inf
0.024362128347508283,inf,0.0562266321541558,0.04065790902182176,0.022932330827067693,inf,inf,inf,inf,inf,inf,inf,inf,inf,0.024268723882995835,inf,0.014965986394557818,inf,inf,0.0,0.05764145954521416,0.06550602899336133,0.068023365366497,0.05249389605859778,0.05558867362146047,0.06557377049180324,0.040437158469945333,0.020090823676793046,inf,0.04346746150024838,inf,inf,inf,0.06627985509915879,0.040250938730652996,inf,inf,inf,inf,0.030917113142136743,0.027616645649432447,inf,0.06866845098695218,inf,inf,inf,inf,inf,inf,inf,inf,inf,inf,inf,inf,inf,inf,inf,inf,inf,inf,inf,inf,inf,inf,inf,inf,inf,inf,inf,inf,inf,inf,inf,inf,inf,inf,inf,inf,inf,inf,inf,inf,inf,inf,inf,inf,inf,inf,inf,inf,inf,inf,inf,inf,inf,inf,inf,inf,inf
0.05205278592375362,inf,0.01881678798203501,0.019230769230769273,0.055299539170506895,inf,inf,inf,inf,inf,inf,inf,inf,inf,0.08191018342820999,inf,0.055904866047020274,inf,inf,0.05764145954521416,0.0,0.027641277641277662,0.027641277641277662,0.0222897015118233,0.02047502047502059,0.017717316782737247,0.021319388576025777,0.04527447651386529,inf,0.018603286384976547,inf,inf,inf,0.02176898087678747,0.02672121896162527,inf,inf,inf,inf,0.07676714260532347,0.03002481389578171,inf,0.019131178340880628,inf,inf,inf,inf,inf,inf,inf,inf,inf,inf,inf,inf,inf,inf,inf,inf,inf,inf,inf,inf,inf,inf,inf,inf,inf,inf,inf,inf,inf,inf,inf,inf,inf,inf,inf,inf,inf,inf,inf,inf,inf,inf,inf,inf,inf,inf,inf,inf,inf,inf,inf,inf,inf,inf,inf,inf,inf
0.05991735537190079,inf,0.01895154712056124,0.029367770243318714,0.06316410861865407,inf,inf,inf,inf,inf,inf,inf,inf,inf,0.08977475287635717,inf,0.06376943549516745,inf,inf,0.06550602899336133,0.027641277641277662,0.0,0.01895154712056124,0.02213627550918429,0.03212773312591821,0.016333489510125476,0.025068870523415998,0.053139045962012466,inf,0.02203856749311295,inf,inf,inf,0.01895154712056124,0.025255090262708335,inf,inf,inf,inf,0.08463171205347064,0.037889383343928884,inf,0.01895154712056124,inf,inf,inf,inf,inf,inf,inf,inf,inf,inf,inf,inf,inf,inf,inf,inf,inf,inf,inf,inf,inf,inf,inf,inf,inf,inf,inf,inf,inf,inf,inf,inf,inf,inf,inf,inf,inf,inf,inf,inf,inf,inf,inf,inf,inf,inf,inf,inf,inf,inf,inf,inf,inf,inf,inf,inf,inf
0.062434691745036464,inf,0.02448985675744164,0.029367770243318714,0.06568144499178974,inf,inf,inf,inf,inf,inf,inf,inf,inf,0.09229208924949284,inf,0.06628677186830312,inf,inf,0.068023365366497,0.027641277641277662,0.01895154712056124,0.0,0.031350442565395764,0.03619943275115689,0.016733420064024784,0.027586206896551668,0.055656382335148136,inf,0.02455590386624862,inf,inf,inf,0.018445595854922336,0.027772426635844005,inf,inf,inf,inf,0.08714904842660631,0.040406719717064554,inf,0.019033693969261023,inf,inf,inf,inf,inf,inf,inf,inf,inf,inf,inf,inf,inf,inf,inf,inf,inf,inf,inf,inf,inf,inf,inf,inf,inf,inf,inf,inf,inf,inf,inf,inf,inf,inf,inf,inf,inf,inf,inf,inf,inf,inf,inf,inf,inf,inf,inf,inf,inf,inf,inf,inf,inf,inf,inf,inf,inf
0.04690522243713724,inf,0.019973964689610324,0.018429487179487225,0.050151975683890515,inf,inf,inf,inf,inf,inf,inf,inf,inf,0.07676261994159361,inf,0.050757302560403894,inf,inf,0.05249389605859778,0.0222897015118233,0.02213627550918429,0.031350442565395764,0.0,0.018046203722596355,0.020502645502645467,0.019629927594529417,0.04012691302724891,inf,0.02436205621301779,inf,inf,inf,0.01851851851851849,0.022654953901384278,inf,inf,inf,inf,0.07161957911870709,0.02487725040916533,inf,0.023424445915697145,inf,inf,inf,inf,inf,inf,inf,inf,inf,inf,inf,inf,inf,inf,inf,inf,inf,inf,inf,inf,inf,inf,inf,inf,inf,inf,inf,inf,inf,inf,inf,inf,inf,inf,inf,inf,inf,inf,inf,inf,inf,inf,inf,inf,inf,inf,inf,inf,inf,inf,inf,inf,inf,inf,inf,inf,inf
0.04999999999999993,inf,0.02193202745688927,0.02207149009474585,0.05324675324675321,inf,inf,inf,inf,inf,inf,inf,inf,inf,0.0798573975044563,inf,0.05385208012326659,inf,inf,0.05558867362146047,0.02047502047502059,0.03212773312591821,0.03619943275115689,0.018046203722596355,0.0,0.023137781758471476,0.01680747196897081,0.043221690590111606,inf,0.032314293376240366,inf,inf,inf,0.02983032293377119,0.021574721574721623,inf,inf,inf,inf,0.07471435668156978,0.027972027972028024,inf,0.021574721574721623,inf,inf,inf,inf,inf,inf,inf,inf,inf,inf,inf,inf,inf,inf,inf,inf,inf,inf,inf,inf,inf,inf,inf,inf,inf,inf,inf,inf,inf,inf,inf,inf,inf,inf,inf,inf,inf,inf,inf,inf,inf,inf,inf,inf,inf,inf,inf,inf,inf,inf,inf,inf,inf,inf,inf,inf,inf
0.0599850968703427,inf,0.017126691643091996,0.024915861469981482,0.06323185011709598,inf,inf,inf,inf,inf,inf,inf,inf,inf,0.08984249437479908,inf,0.06383717699360936,inf,inf,0.06557377049180324,0.017717316782737247,0.016333489510125476,0.016733420064024784,0.020502645502645467,0.023137781758471476,0.0,0.025136612021857907,0.053206787460454374,inf,0.022106308991554857,inf,inf,inf,0.015673608159796015,0.025322831761150244,inf,inf,inf,inf,0.08469945355191255,0.03795712484237079,inf,0.02087018040325439,inf,inf,inf,inf,inf,inf,inf,inf,inf,inf,inf,inf,inf,inf,inf,inf,inf,inf,inf,inf,inf,inf,inf,inf,inf,inf,inf,inf,inf,inf,inf,inf,inf,inf,inf,inf,inf,inf,inf,inf,inf,inf,inf,inf,inf,inf,inf,inf,inf,inf,inf,inf,inf,inf,inf,inf,inf
0.034848484848484795,inf,0.016803865425912612,0.02626010003847634,0.03809523809523807,inf,inf,inf,inf,inf,inf,inf,inf,inf,0.06470588235294117,inf,0.03870056497175145,inf,inf,0.040437158469945333,0.021319388576025777,0.025068870523415998,0.027586206896551668,0.019629927594529417,0.01680747196897081,0.025136612021857907,0.0,0.028070175438596467,inf,0.019669682790616427,inf,inf,inf,0.025842696629213457,0.016307784972142803,inf,inf,inf,inf,0.059562841530054644,0.0234949520129627,inf,0.028231292517006845,inf,inf,inf,inf,inf,inf,inf,inf,inf,inf,inf,inf,inf,inf,inf,inf,inf,inf,inf,inf,inf,inf,inf,inf,inf,inf,inf,inf,inf,inf,inf,inf,inf,inf,inf,inf,inf,inf,inf,inf,inf,inf,inf,inf,inf,inf,inf,inf,inf,inf,inf,inf,inf,inf,inf,inf,inf
0.029114777416415438,inf,0.04385964912280693,0.028290925990472893,0.016585486158209428,inf,inf,inf,inf,inf,inf,inf,inf,inf,0.0366357069143447,inf,0.027690494893951256,inf,inf,0.020090823676793046,0.04527447651386529,0.053139045962012466,0.055656382335148136,0.04012691302724891,0.043221690590111606,0.053206787460454374,0.028070175438596467,0.0,inf,0.031100478468899517,inf,inf,inf,0.053912872067809925,0.02788395569930413,inf,inf,inf,inf,0.03546998529631129,0.021447672342813084,inf,0.05630146795560331,inf,inf,inf,inf,inf,inf,inf,inf,inf,inf,inf,inf,inf,inf,inf,inf,inf,inf,inf,inf,inf,inf,inf,inf,inf,inf,inf,inf,inf,inf,inf,inf,inf,inf,inf,inf,inf,inf,inf,inf,inf,inf,inf,inf,inf,inf,inf,inf,inf,inf,inf,inf,inf,inf,inf,inf,inf
inf,0.034485955316584826,inf,inf,inf,0.02552796472499419,0.02740892066734768,0.01728835854552291,0.03210770459296752,0.024346345145245918,0.024842374246590526,0.02612159329140462,0.02329004329004336,0.023485420486822783,inf,0.0344006499145586,inf,0.02294411631076776,0.021064238050233386,inf,inf,inf,inf,inf,inf,inf,inf,inf,0.0,inf,0.01541334178865228,inf,0.022371808718700148,inf,inf,0.020019607843137277,inf,0.04567307692307693,0.020265548567435343,inf,inf,inf,inf,inf,inf,inf,inf,inf,inf,inf,inf,inf,inf,inf,inf,inf,inf,inf,inf,inf,inf,inf,inf,inf,inf,inf,inf,inf,inf,inf,inf,inf,inf,inf,inf,inf,inf,inf,inf,inf,inf,inf,inf,inf,inf,inf,inf,inf,inf,inf,inf,inf,inf,inf,inf,inf,inf,inf,inf,inf
0.037878787878787845,inf,0.02093582227014401,0.019875776397515477,0.04112554112554112,inf,inf,inf,inf,inf,inf,inf,inf,inf,0.06773618538324422,inf,0.0417308680020545,inf,inf,0.04346746150024838,0.018603286384976547,0.02203856749311295,0.02455590386624862,0.02436205621301779,0.032314293376240366,0.022106308991554857,0.019669682790616427,0.031100478468899517,inf,0.0,inf,inf,inf,0.022812393598910408,0.015380247030429284,inf,inf,inf,inf,0.0625931445603577,0.015850815850815936,inf,0.025200989486703795,inf,inf,inf,inf,inf,inf,inf,inf,inf,inf,inf,inf,inf,inf,inf,inf,inf,inf,inf,inf,inf,inf,inf,inf,inf,inf,inf,inf,inf,inf,inf,inf,inf,inf,inf,inf,inf,inf,inf,inf,inf,inf,inf,inf,inf,inf,inf,inf,inf,inf,inf,inf,inf,inf,inf,inf,inf
inf,0.035146189971216546,inf,inf,inf,0.02119392440833634,0.02946127946127941,0.012562875720770417,0.03210770459296752,0.017983193277310905,0.020331699694580596,0.019270682650096238,0.02329004329004336,0.016987693953986027,inf,0.035650623885918,inf,0.014551607445008496,0.017688194158782422,inf,inf,inf,inf,inf,inf,inf,inf,inf,0.01541334178865228,inf,0.0,inf,0.015580057526366264,inf,inf,0.022604422604422525,inf,0.04020979020979021,0.017774131802023474,inf,inf,inf,inf,inf,inf,inf,inf,inf,inf,inf,inf,inf,inf,inf,inf,inf,inf,inf,inf,inf,inf,inf,inf,inf,inf,inf,inf,inf,inf,inf,inf,inf,inf,inf,inf,inf,inf,inf,inf,inf,inf,inf,inf,inf,inf,inf,inf,inf,inf,inf,inf,inf,inf,inf,inf,inf,inf,inf,inf,inf
inf,inf,inf,inf,inf,inf,inf,inf,inf,inf,inf,inf,inf,inf,inf,inf,inf,inf,inf,inf,inf,inf,inf,inf,inf,inf,inf,inf,inf,inf,inf,0.0,inf,inf,inf,inf,0.04788657035848043,inf,inf,inf,inf,0.01896652342299321,inf,0.025000000000000022,0.01885101918111831,0.030303030303030276,0.03653936822253645,0.026234567901234573,0.024427061891038826,0.022752230610844193,0.021346469622331665,0.022669162633549456,0.051146384479717755,0.01685189031990031,0.020169229950508294,0.03891941391941389,0.027757836803062874,0.04329004329004327,0.03962927452860332,0.022399050403358767,0.025608686115376145,inf,inf,0.03268287055524499,inf,inf,inf,inf,inf,inf,0.031225604996096834,inf,0.02926706405843338,inf,inf,inf,inf,inf,inf,inf,inf,inf,inf,inf,inf,inf,inf,inf,inf,inf,inf,inf,inf,inf,inf,inf,inf,inf,inf,inf
inf,0.02405180388529138,inf,inf,inf,0.02085577959058027,0.023143523143523193,0.014648033126294036,0.03210770459296752,0.01985624438454625,0.017425810904071803,0.02117327117327117,0.02329004329004336,0.01854369406816969,inf,0.030498683204485677,inf,0.017848470131131555,0.019180327868852487,inf,inf,inf,inf,inf,inf,inf,inf,inf,0.022371808718700148,inf,0.015580057526366264,inf,0.0,inf,inf,0.012787582511669005,inf,0.04567307692307693,0.015625,inf,inf,inf,inf,inf,inf,inf,inf,inf,inf,inf,inf,inf,inf,inf,inf,inf,inf,inf,inf,inf,inf,inf,inf,inf,inf,inf,inf,inf,inf,inf,inf,inf,inf,inf,inf,inf,inf,inf,inf,inf,inf,inf,inf,inf,inf,inf,inf,inf,inf,inf,inf,inf,inf,inf,inf,inf,inf,inf,inf,inf
0.06069118147769825,inf,0.01633197802538877,0.025621946077337032,0.06393793472445153,inf,inf,inf,inf,inf,inf,inf,inf,inf,0.09054857898215463,inf,0.06454326160096491,inf,inf,0.06627985509915879,0.02176898087678747,0.01895154712056124,0.018445595854922336,0.01851851851851849,0.02983032293377119,0.015673608159796015,0.025842696629213457,0.053912872067809925,inf,0.022812393598910408,inf,inf,inf,0.0,0.026028916368505794,inf,inf,inf,inf,0.0854055381592681,0.03866320944972634,inf,0.018415108050044204,inf,inf,inf,inf,inf,inf,inf,inf,inf,inf,inf,inf,inf,inf,inf,inf,inf,inf,inf,inf,inf,inf,inf,inf,inf,inf,inf,inf,inf,inf,inf,inf,inf,inf,inf,inf,inf,inf,inf,inf,inf,inf,inf,inf,inf,inf,inf,inf,inf,inf,inf,inf,inf,inf,inf,inf,inf
0.03466226510919246,inf,0.022507401449984865,0.022916871135538308,0.037909018355945734,inf,inf,inf,inf,inf,inf,inf,inf,inf,0.06451966261364883,inf,0.03851434523245911,inf,inf,0.040250938730652996,0.02672121896162527,0.025255090262708335,0.027772426635844005,0.022654953901384278,0.021574721574721623,0.025322831761150244,0.016307784972142803,0.02788395569930413,inf,0.015380247030429284,inf,inf,inf,0.026028916368505794,0.0,inf,inf,inf,inf,0.05937662179076231,0.016948082024506372,inf,0.028417512256299182,inf,inf,inf,inf,inf,inf,inf,inf,inf,inf,inf,inf,inf,inf,inf,inf,inf,inf,inf,inf,inf,inf,inf,inf,inf,inf,inf,inf,inf,inf,inf,inf,inf,inf,inf,inf,inf,inf,inf,inf,inf,inf,inf,inf,inf,inf,inf,inf,inf,inf,inf,inf,inf,inf,inf,inf,inf
inf,0.016921269095182212,inf,inf,inf,0.02298265460030169,0.02302082060057853,0.017925278219395824,0.030375018676228938,0.020821878054741005,0.017217257875259517,0.022844423617619514,0.02329004329004336,0.019322404371584723,inf,0.02834542908072324,inf,0.019942114059761096,0.016274509803921533,inf,inf,inf,inf,inf,inf,inf,inf,inf,0.020019607843137277,inf,0.022604422604422525,inf,0.012787582511669005,inf,inf,0.0,inf,0.038840677394894274,0.015625,inf,inf,inf,inf,inf,inf,inf,inf,inf,inf,inf,inf,inf,inf,inf,inf,inf,inf,inf,inf,inf,inf,inf,inf,inf,inf,inf,inf,inf,inf,inf,inf,inf,inf,inf,inf,inf,inf,inf,inf,inf,inf,inf,inf,inf,inf,inf,inf,inf,inf,inf,inf,inf,inf,inf,inf,inf,inf,inf,inf,inf
inf,inf,inf,inf,inf,inf,inf,inf,inf,inf,inf,inf,inf,inf,inf,inf,inf,inf,inf,inf,inf,inf,inf,inf,inf,inf,inf,inf,inf,inf,inf,0.04788657035848043,inf,inf,inf,inf,0.0,inf,inf,inf,inf,0.05451907131011602,inf,0.03396715643906656,0.053680522920493856,0.040365284509064736,0.037186379928315416,0.03794838145231849,0.023459508467441603,0.025302809865203613,0.04034391534391535,0.05545843045843046,0.05924036281179135,0.0597913322632424,0.055505617977528066,0.022952609462873363,0.05111983711460144,0.02858422939068095,0.061041083099906635,0.060915659796256794,0.06412529550827417,inf,inf,0.0728811835883878,inf,inf,inf,inf,inf,inf,0.07911217535457726,inf,0.05109582059123341,inf,inf,inf,inf,inf,inf,inf,inf,inf,inf,inf,inf,inf,inf,inf,inf,inf,inf,inf,inf,inf,inf,inf,inf,inf,inf,inf
inf,0.03144409937888204,inf,inf,inf,0.030250648228176358,0.036772983114446545,0.04567307692307693,0.023953446409238466,0.03749999999999998,0.04487179487179482,0.03263403263403264,0.03273809523809523,0.04075091575091572,inf,0.02195192866834661,inf,0.034127843986998974,0.04524886877828049,inf,inf,inf,inf,inf,inf,inf,inf,inf,0.04567307692307693,inf,0.04020979020979021,inf,0.04567307692307693,inf,inf,0.038840677394894274,inf,0.0,0.04223901098901095,inf,inf,inf,inf,inf,inf,inf,inf,inf,inf,inf,inf,inf,inf,inf,inf,inf,inf,inf,inf,inf,inf,inf,inf,inf,inf,inf,inf,inf,inf,inf,inf,inf,inf,inf,inf,inf,inf,inf,inf,inf,inf,inf,inf,inf,inf,inf,inf,inf,inf,inf,inf,inf,inf,inf,inf,inf,inf,inf,inf,inf
inf,0.025496511003757383,inf,inf,inf,0.021773057744280844,0.019716494845360866,0.015625,0.025824086161879922,0.018369503772703855,0.015625,0.023244030654252956,0.018048128342246006,0.019277222814105377,inf,0.022721215351812263,inf,0.015625,0.020956937799043063,inf,inf,inf,inf,inf,inf,inf,inf,inf,0.020265548567435343,inf,0.017774131802023474,inf,0.015625,inf,inf,0.015625,inf,0.04223901098901095,0.0,inf,inf,inf,inf,inf,inf,inf,inf,inf,inf,inf,inf,inf,inf,inf,inf,inf,inf,inf,inf,inf,inf,inf,inf,inf,inf,inf,inf,inf,inf,inf,inf,inf,inf,inf,inf,inf,inf,inf,inf,inf,inf,inf,inf,inf,inf,inf,inf,inf,inf,inf,inf,inf,inf,inf,inf,inf,inf,inf,inf,inf
0.032794102208962506,inf,0.07535231521426511,0.05978359208193107,0.03592814371257491,inf,inf,inf,inf,inf,inf,inf,inf,inf,0.02755765065613458,inf,0.03537661519067126,inf,inf,0.030917113142136743,0.07676714260532347,0.08463171205347064,0.08714904842660631,0.07161957911870709,0.07471435668156978,0.08469945355191255,0.059562841530054644,0.03546998529631129,inf,0.0625931445603577,inf,inf,inf,0.0854055381592681,0.05937662179076231,inf,inf,inf,inf,0.0,0.04674232870954176,inf,0.08779413404706149,inf,inf,inf,inf,inf,inf,inf,inf,inf,inf,inf,inf,inf,inf,inf,inf,inf,inf,inf,inf,inf,inf,inf,inf,inf,inf,inf,inf,inf,inf,inf,inf,inf,inf,inf,inf,inf,inf,inf,inf,inf,inf,inf,inf,inf,inf,inf,inf,inf,inf,inf,inf,inf,inf,inf,inf,inf
0.03198818897637801,inf,0.02860998650472335,0.024869209189476105,0.025274725274725185,inf,inf,inf,inf,inf,inf,inf,inf,inf,0.05188536953242828,inf,0.025880052151238564,inf,inf,0.027616645649432447,0.03002481389578171,0.037889383343928884,0.040406719717064554,0.02487725040916533,0.027972027972028024,0.03795712484237079,0.0234949520129627,0.021447672342813084,inf,0.015850815850815936,inf,inf,inf,0.03866320944972634,0.016948082024506372,inf,inf,inf,inf,0.04674232870954176,0.0,inf,0.04105180533751973,inf,inf,inf,inf,inf,inf,inf,inf,inf,inf,inf,inf,inf,inf,inf,inf,inf,inf,inf,inf,inf,inf,inf,inf,inf,inf,inf,inf,inf,inf,inf,inf,inf,inf,inf,inf,inf,inf,inf,inf,inf,inf,inf,inf,inf,inf,inf,inf,inf,inf,inf,inf,inf,inf,inf,inf,inf
inf,inf,inf,inf,inf,inf,inf,inf,inf,inf,inf,inf,inf,inf,inf,inf,inf,inf,inf,inf,inf,inf,inf,inf,inf,inf,inf,inf,inf,inf,inf,0.01896652342299321,inf,inf,inf,inf,0.05451907131011602,inf,inf,inf,inf,0.0,inf,0.040247040658775046,0.026453937210499157,0.027922077922077904,0.03415841584158408,0.026234567901234573,0.03315154994259473,0.03385511467054969,0.019126716864050874,0.014616572954649243,0.04876543209876538,0.021850459594541016,0.014393939393939403,0.039589107274530244,0.0253768844221105,0.040909090909090895,0.03724832214765095,0.017985214608849054,0.02042253521126758,inf,inf,0.027375565610859742,inf,inf,inf,inf,inf,inf,0.03360655737704921,inf,0.02370041776131615,inf,inf,inf,inf,inf,inf,inf,inf,inf,inf,inf,inf,inf,inf,inf,inf,inf,inf,inf,inf,inf,inf,inf,inf,inf,inf,inf
0.06307977736549164,inf,0.017808395156887258,0.02801054196513042,0.06632653061224492,inf,inf,inf,inf,inf,inf,inf,inf,inf,0.09293717486994801,inf,0.0669318574887583,inf,inf,0.06866845098695218,0.019131178340880628,0.01895154712056124,0.019033693969261023,0.023424445915697145,0.021574721574721623,0.02087018040325439,0.028231292517006845,0.05630146795560331,inf,0.025200989486703795,inf,inf,inf,0.018415108050044204,0.028417512256299182,inf,inf,inf,inf,0.08779413404706149,0.04105180533751973,inf,0.0,inf,inf,inf,inf,inf,inf,inf,inf,inf,inf,inf,inf,inf,inf,inf,inf,inf,inf,inf,inf,inf,inf,inf,inf,inf,inf,inf,inf,inf,inf,inf,inf,inf,inf,inf,inf,inf,inf,inf,inf,inf,inf,inf,inf,inf,inf,inf,inf,inf,inf,inf,inf,inf,inf,inf,inf,inf
inf,inf,inf,inf,inf,inf,inf,inf,inf,inf,inf,inf,inf,inf,inf,inf,inf,inf,inf,inf,inf,inf,inf,inf,inf,inf,inf,inf,inf,inf,inf,0.025000000000000022,inf,inf,inf,inf,0.03396715643906656,inf,inf,inf,inf,0.040247040658775046,inf,0.0,0.025000000000000022,0.026093253857723764,0.025000000000000022,0.025386626350436203,0.025000000000000022,0.027999541617326873,0.026071884692574376,0.04118639980708949,0.044968332160450375,0.037689896310585946,0.03715439577508539,0.028620517529998057,0.03684780646326047,0.029370629370629397,0.04676905244856566,0.04664362914491582,0.0498532648569332,inf,inf,0.04964755191465042,inf,inf,inf,inf,inf,inf,0.04909953929917632,inf,0.03682378993989244,inf,inf,inf,inf,inf,inf,inf,inf,inf,inf,inf,inf,inf,inf,inf,inf,inf,inf,inf,inf,inf,inf,inf,inf,inf,inf,inf
inf,inf,inf,inf,inf,inf,inf,inf,inf,inf,inf,inf,inf,inf,inf,inf,inf,inf,inf,inf,inf,inf,inf,inf,inf,inf,inf,inf,inf,inf,inf,0.01885101918111831,inf,inf,inf,inf,0.053680522920493856,inf,inf,inf,inf,0.026453937210499157,inf,0.025000000000000022,0.0,0.0360969828650437,0.04233332078454988,0.029603476371537152,0.030221014453052253,0.028377713055290243,0.027140422184345092,0.0273932963588136,0.05694033704173118,0.023896792862310057,0.024986709197235557,0.04471336648142732,0.0335517893650763,0.049083995852056694,0.04542322709061675,0.03285052569663993,0.03606016140865731,inf,inf,0.03585444846637453,inf,inf,inf,inf,inf,inf,0.03530643585090043,inf,0.023030686491616548,inf,inf,inf,inf,inf,inf,inf,inf,inf,inf,inf,inf,inf,inf,inf,inf,inf,inf,inf,inf,inf,inf,inf,inf,inf,inf,inf
inf,inf,inf,inf,inf,inf,inf,inf,inf,inf,inf,inf,inf,inf,inf,inf,inf,inf,inf,inf,inf,inf,inf,inf,inf,inf,inf,inf,inf,inf,inf,0.030303030303030276,inf,inf,inf,inf,0.040365284509064736,inf,inf,inf,inf,0.027922077922077904,inf,0.026093253857723764,0.0360969828650437,0.0,0.017092280250175063,0.026234567901234573,0.018997763141543444,0.01970132786949841,0.01584995156495317,0.027670821640670917,0.02084335417668748,0.04220779220779225,0.03792207792207791,0.025435320473478962,0.01504545952459202,0.023001431200163514,0.0206757985908419,0.04220779220779225,0.023760010999209435,inf,inf,0.055297643532937646,inf,inf,inf,inf,inf,inf,0.06152863529912711,inf,0.02063041125541132,inf,inf,inf,inf,inf,inf,inf,inf,inf,inf,inf,inf,inf,inf,inf,inf,inf,inf,inf,inf,inf,inf,inf,inf,inf,inf,inf
inf,inf,inf,inf,inf,inf,inf,inf,inf,inf,inf,inf,inf,inf,inf,inf,inf,inf,inf,inf,inf,inf,inf,inf,inf,inf,inf,inf,inf,inf,inf,0.03653936822253645,inf,inf,inf,inf,0.037186379928315416,inf,inf,inf,inf,0.03415841584158408,inf,0.025000000000000022,0.04233332078454988,0.017092280250175063,0.0,0.026234567901234573,0.019461532619427402,0.018895348837209336,0.015192898600204785,0.03390715956017709,0.02205398288347593,0.048444130127298424,0.04415841584158409,0.02373042240151879,0.014874551971326255,0.02279495370621043,0.02385470317159122,0.048444130127298424,0.026938915579958755,inf,inf,0.06153398145244382,inf,inf,inf,inf,inf,inf,0.06776497321863328,inf,0.026866749174917492,inf,inf,inf,inf,inf,inf,inf,inf,inf,inf,inf,inf,inf,inf,inf,inf,inf,inf,inf,inf,inf,inf,inf,inf,inf,inf,inf
inf,inf,inf,inf,inf,inf,inf,inf,inf,inf,inf,inf,inf,inf,inf,inf,inf,inf,inf,inf,inf,inf,inf,inf,inf,inf,inf,inf,inf,inf,inf,0.026234567901234573,inf,inf,inf,inf,0.03794838145231849,inf,inf,inf,inf,0.026234567901234573,inf,0.025386626350436203,0.029603476371537152,0.026234567901234573,0.026234567901234573,0.0,0.026234567901234573,0.026234567901234573,0.026234567901234573,0.025201510049994935,0.02733686067019403,0.0357142857142857,0.03142857142857136,0.023018417416732717,0.017305996472663177,0.026234567901234573,0.026234567901234573,0.0357142857142857,0.02617691405595568,inf,inf,0.048804137039431095,inf,inf,inf,inf,inf,inf,0.05503512880562056,inf,0.026234567901234573,inf,inf,inf,inf,inf,inf,inf,inf,inf,inf,inf,inf,inf,inf,inf,inf,inf,inf,inf,inf,inf,inf,inf,inf,inf,inf,inf
inf,inf,inf,inf,inf,inf,inf,inf,inf,inf,inf,inf,inf,inf,inf,inf,inf,inf,inf,inf,inf,inf,inf,inf,inf,inf,inf,inf,inf,inf,inf,0.024427061891038826,inf,inf,inf,inf,0.023459508467441603,inf,inf,inf,inf,0.03315154994259473,inf,0.025000000000000022,0.030221014453052253,0.018997763141543444,0.019461532619427402,0.026234567901234573,0.0,0.02058467393184571,0.018976393976394057,0.03409090909090917,0.037872841444270056,0.0363318237958008,0.03204610951008646,0.021205649844516894,0.02975231574708015,0.021855124429077666,0.03967356173238534,0.0395481384287355,0.04275777414075288,inf,inf,0.049421675120946196,inf,inf,inf,inf,inf,inf,0.05565266688713566,inf,0.029728299223712118,inf,inf,inf,inf,inf,inf,inf,inf,inf,inf,inf,inf,inf,inf,inf,inf,inf,inf,inf,inf,inf,inf,inf,inf,inf,inf,inf
inf,inf,inf,inf,inf,inf,inf,inf,inf,inf,inf,inf,inf,inf,inf,inf,inf,inf,inf,inf,inf,inf,inf,inf,inf,inf,inf,inf,inf,inf,inf,0.022752230610844193,inf,inf,inf,inf,0.025302809865203613,inf,inf,inf,inf,0.03385511467054969,inf,0.027999541617326873,0.028377713055290243,0.01970132786949841,0.018895348837209336,0.026234567901234573,0.02058467393184571,0.0,0.01967995870434902,0.034794473818864136,0.03857640617222502,0.03448852239803879,0.030762469786860036,0.01970323869310886,0.030455880475035113,0.02070628279676645,0.04037712646034031,0.040251703156690466,0.043461338868707844,inf,inf,0.047578373723184186,inf,inf,inf,inf,inf,inf,0.05380936548937365,inf,0.030431863951667082,inf,inf,inf,inf,inf,inf,inf,inf,inf,inf,inf,inf,inf,inf,inf,inf,inf,inf,inf,inf,inf,inf,inf,inf,inf,inf,inf
inf,inf,inf,inf,inf,inf,inf,inf,inf,inf,inf,inf,inf,inf,inf,inf,inf,inf,inf,inf,inf,inf,inf,inf,inf,inf,inf,inf,inf,inf,inf,0.021346469622331665,inf,inf,inf,inf,0.04034391534391535,inf,inf,inf,inf,0.019126716864050874,inf,0.026071884692574376,0.027140422184345092,0.01584995156495317,0.015192898600204785,0.026234567901234573,0.018976393976394057,0.01967995870434902,0.0,0.018714260959972306,0.02979991485738609,0.03325123152709364,0.0289655172413793,0.025413951308329574,0.015053980004028134,0.021943573667711602,0.020697167755991286,0.03325123152709364,0.023781380164358823,inf,inf,0.046341082852239035,inf,inf,inf,inf,inf,inf,0.0525720746184285,inf,0.020465838509316714,inf,inf,inf,inf,inf,inf,inf,inf,inf,inf,inf,inf,inf,inf,inf,inf,inf,inf,inf,inf,inf,inf,inf,inf,inf,inf,inf
inf,inf,inf,inf,inf,inf,inf,inf,inf,inf,inf,inf,inf,inf,inf,inf,inf,inf,inf,inf,inf,inf,inf,inf,inf,inf,inf,inf,inf,inf,inf,0.022669162633549456,inf,inf,inf,inf,0.05545843045843046,inf,inf,inf,inf,0.014616572954649243,inf,0.04118639980708949,0.0273932963588136,0.027670821640670917,0.03390715956017709,0.025201510049994935,0.03409090909090917,0.034794473818864136,0.018714260959972306,0.0,0.048514175817358396,0.017528615089590804,0.016779964221824706,0.04052846642284469,0.025125628140703515,0.04065783462768391,0.03699706586624396,0.019230769230769273,0.020171278929860592,inf,inf,0.02762682189226673,inf,inf,inf,inf,inf,inf,0.03385781365845619,inf,0.015103893836214466,inf,inf,inf,inf,inf,inf,inf,inf,inf,inf,inf,inf,inf,inf,inf,inf,inf,inf,inf,inf,inf,inf,inf,inf,inf,inf,inf
inf,inf,inf,inf,inf,inf,inf,inf,inf,inf,inf,inf,inf,inf,inf,inf,inf,inf,inf,inf,inf,inf,inf,inf,inf,inf,inf,inf,inf,inf,inf,0.051146384479717755,inf,inf,inf,inf,0.05924036281179135,inf,inf,inf,inf,0.04876543209876538,inf,0.044968332160450375,0.05694033704173118,0.02084335417668748,0.02205398288347593,0.02733686067019403,0.037872841444270056,0.03857640617222502,0.02979991485738609,0.048514175817358396,0.0,0.06305114638447973,0.05876543209876539,0.04431039877620557,0.02338854767665488,0.0306561334211104,0.016066066066066087,0.06305114638447973,0.028342896887497804,inf,inf,0.07614099770962512,inf,inf,inf,inf,inf,inf,0.08237198947581459,inf,0.0414737654320988,inf,inf,inf,inf,inf,inf,inf,inf,inf,inf,inf,inf,inf,inf,inf,inf,inf,inf,inf,inf,inf,inf,inf,inf,inf,inf,inf
inf,inf,inf,inf,inf,inf,inf,inf,inf,inf,inf,inf,inf,inf,inf,inf,inf,inf,inf,inf,inf,inf,inf,inf,inf,inf,inf,inf,inf,inf,inf,0.01685189031990031,inf,inf,inf,inf,0.0597913322632424,inf,inf,inf,inf,0.021850459594541016,inf,0.037689896310585946,0.023896792862310057,0.04220779220779225,0.048444130127298424,0.0357142857142857,0.0363318237958008,0.03448852239803879,0.03325123152709364,0.017528615089590804,0.06305114638447973,0.0,0.017972956118652128,0.050824175824175866,0.03966259870782485,0.05519480519480524,0.05153403643336529,0.015331483729264184,0.034708249496981924,inf,inf,0.028334272176016473,inf,inf,inf,inf,inf,inf,0.01932084309133486,inf,0.02157738095238093,inf,inf,inf,inf,inf,inf,inf,inf,inf,inf,inf,inf,inf,inf,inf,inf,inf,inf,inf,inf,inf,inf,inf,inf,inf,inf,inf
